61
71
75
88
109
117
121
129
133
135
150
156
160
166
171
176
181
192
198
224
225
246
253
262
263
265
268
281
298
304
310
314
317
325
337
339
340
347
356
366
370
374
381
385
391
395
396
397
440
451
453
455
462
475
478
490
492
494
495
498
500
510
538
544
553
557
566
569
583
596
606
612
614
618
626
629
638
643
657
672
679
681
683
699
717
730
744
751
761
770
775
776
779
790
807
808
813
816
822
824
827
831
833
834
848
870
901
907
908
915
917
926
936
956
975
984
986
1000
1003
1034
1044
1054
1064
1065
1076
1079
1101
1108
1109
1161
1174
1175
1176
1179
1181
1188
1196
1197
1226
1241
1243
1247
1249
1253
1270
1279
1282
1301
1307
1310
1314
1324
1336
1338
1340
1350
1360
1373
1374
1384
1392
1399
1402
1418
1422
1427
1437
1456
1468
1479
1483
1484
1491
1493
1504
1522
1528
