1
5
9
10
22
23
27
28
32
33
35
36
37
39
42
44
47
50
53
60
63
64
65
67
74
82
84
85
89
92
94
95
100
101
102
103
104
107
110
116
131
137
140
141
143
145
147
148
152
154
155
158
163
167
183
188
195
197
203
206
221
229
232
234
236
239
248
249
255
261
270
271
275
276
280
287
289
292
295
296
297
306
312
315
326
329
338
341
343
351
355
358
373
382
390
393
401
406
410
411
424
425
426
428
430
432
434
438
450
454
457
474
480
482
484
485
487
496
508
519
522
526
532
537
543
563
567
572
574
576
586
591
601
602
608
610
627
631
633
634
635
645
651
658
659
660
662
666
668
670
682
687
690
697
703
706
707
710
715
716
722
723
728
729
738
739
767
784
786
797
801
804
805
812
818
821
823
825
830
835
838
845
849
851
854
855
858
859
871
873
876
887
889
904
909
910
913
918
919
920
921
923
928
929
934
935
948
958
966
967
971
976
978
985
987
991
997
998
1006
1008
1011
1012
1014
1021
1023
1028
1030
1032
1038
1049
1052
1059
1060
1062
1072
1082
1083
1087
1091
1094
1100
1113
1114
1117
1119
1120
1121
1125
1128
1130
1138
1139
1142
1146
1147
1152
1154
1156
1162
1163
1164
1167
1177
1182
1186
1191
1194
1195
1199
1205
1209
1210
1212
1213
1216
1221
1234
1235
1239
1245
1251
1271
1275
1284
1294
1297
1299
1308
1317
1318
1320
1323
1326
1327
1331
1335
1339
1344
1345
1357
1358
1364
1367
1368
1372
1378
1382
1385
1389
1393
1395
1409
1411
1419
1420
1423
1431
1434
1438
1441
1442
1446
1455
1459
1460
1466
1469
1470
1475
1476
1477
1480
1485
1486
1487
1488
1489
1492
1498
1499
1500
1505
1509
1513
1515
1516
1518
