8
14
24
34
38
49
57
73
79
81
111
112
114
134
149
151
172
179
182
184
201
204
212
223
241
256
266
274
278
290
294
307
333
335
352
360
375
378
379
387
419
420
433
443
453
460
464
465
468
469
481
486
493
504
507
521
524
527
528
531
535
542
555
562
571
575
580
589
597
603
613
618
622
637
641
650
653
655
665
669
678
708
709
718
719
724
725
757
758
759
765
781
785
832
852
853
856
857
861
864
868
880
885
897
924
952
954
982
989
1031
1036
1039
1045
1066
1068
1078
1088
1096
1102
1135
1151
1153
1158
1185
1187
1208
1219
1226
1230
1236
1256
1257
1277
1280
1287
1302
1305
1341
1347
1349
1359
1404
1408
1410
1444
1445
1448
1453
1465
1481
1482
1503
1504
1523
1525
1526
