1
3
5
7
9
10
11
16
20
22
23
25
27
28
32
33
35
36
37
39
40
41
42
43
44
47
48
50
53
54
58
60
61
63
64
65
67
69
70
71
74
75
78
82
83
84
85
86
87
88
89
92
93
94
95
96
97
100
101
102
103
104
107
108
109
110
115
116
117
120
121
122
126
127
129
130
131
133
135
137
140
141
142
143
145
147
148
150
152
154
155
156
157
158
159
160
161
162
163
166
167
171
176
177
181
183
185
186
187
188
189
190
191
192
197
198
203
205
206
208
210
211
213
220
221
224
225
226
228
229
231
232
233
234
236
238
239
242
246
248
249
253
254
255
258
261
262
263
265
267
268
270
271
272
273
275
276
277
280
281
287
289
292
295
296
297
298
301
304
306
310
312
314
315
316
317
319
320
322
325
326
327
329
336
337
338
339
340
341
343
346
347
349
351
353
354
355
356
358
362
363
366
367
370
372
373
374
376
381
382
383
384
385
388
390
391
393
394
395
396
397
401
403
406
408
410
411
412
413
414
415
417
424
425
426
427
428
430
432
434
435
438
439
440
444
445
448
449
450
451
454
455
457
461
462
466
470
472
473
474
475
476
478
480
482
483
484
485
487
490
491
492
494
495
496
498
500
501
502
503
508
510
512
513
514
519
520
522
526
529
532
536
537
538
539
543
544
545
546
552
553
557
558
559
560
561
563
565
566
567
568
569
570
572
574
576
579
581
582
583
585
586
590
591
592
593
594
596
598
600
601
602
606
608
610
612
614
621
626
627
629
631
633
634
635
636
638
639
640
642
643
645
651
652
654
656
657
658
659
660
661
662
666
668
670
671
672
674
675
679
680
681
682
683
684
685
686
687
690
697
698
699
703
705
706
707
710
715
716
717
721
722
723
728
729
730
734
738
739
740
744
747
748
751
754
756
760
761
762
764
767
770
773
775
776
778
779
780
784
786
787
789
790
791
795
797
798
799
800
801
802
804
805
807
808
812
813
816
817
818
820
821
822
823
824
825
827
829
830
831
833
834
835
837
838
842
843
845
847
848
849
851
854
855
858
859
860
863
866
869
870
871
873
874
875
876
877
887
888
889
890
891
893
894
899
901
902
904
907
908
909
910
912
913
915
916
917
918
919
920
921
922
923
926
928
929
934
935
936
937
944
948
955
956
958
960
965
966
967
971
972
975
976
978
979
980
983
984
985
986
987
991
992
995
996
997
998
999
1000
1003
1005
1006
1008
1011
1012
1014
1015
1016
1020
1021
1023
1025
1027
1028
1029
1030
1032
1033
1034
1037
1038
1044
1047
1049
1052
1054
1059
1060
1062
1064
1065
1072
1075
1076
1079
1081
1082
1083
1086
1087
1089
1091
1094
1095
1099
1100
1101
1107
1108
1109
1110
1112
1113
1114
1116
1117
1118
1119
1120
1121
1125
1126
1128
1129
1130
1133
1138
1139
1141
1142
1145
1146
1147
1152
1154
1156
1157
1160
1161
1162
1163
1164
1165
1166
1167
1171
1172
1173
1174
1175
1176
1177
1178
1179
1180
1181
1182
1183
1186
1188
1190
1191
1192
1194
1195
1196
1197
1199
1201
1205
1207
1209
1210
1212
1213
1216
1221
1227
1231
1234
1235
1237
1238
1239
1240
1241
1242
1243
1245
1247
1249
1251
1252
1253
1254
1260
1261
1263
1265
1268
1270
1271
1272
1273
1275
1276
1279
1282
1284
1293
1294
1297
1298
1299
1301
1307
1308
1310
1312
1313
1314
1315
1317
1318
1319
1320
1323
1324
1326
1327
1331
1332
1334
1335
1336
1337
1338
1339
1340
1343
1344
1345
1350
1353
1354
1355
1356
1357
1358
1360
1364
1366
1367
1368
1372
1373
1374
1375
1377
1378
1381
1382
1383
1384
1385
1386
1387
1389
1391
1392
1393
1395
1399
1400
1401
1402
1403
1409
1411
1412
1418
1419
1420
1422
1423
1426
1427
1431
1432
1433
1434
1435
1437
1438
1439
1441
1442
1446
1447
1451
1455
1456
1457
1458
1459
1460
1462
1463
1464
1466
1467
1468
1469
1470
1475
1476
1477
1479
1480
1483
1484
1485
1486
1487
1488
1489
1490
1491
1492
1493
1498
1499
1500
1505
1508
1509
1510
1512
1513
1515
1516
1518
1519
1522
1528
