378465
196074
55296
51264
5987
6158
55906
55585
348110
271
9529
84124
255101
343263
801
122060
126003
116225
284312
8542
25949
23276
379
64110
2275
159163
80212
5605
7984
10623
7216
1977
84063
84645
55147
3351
410
55324
55742
259
4638
83733
57097
138065
1979
10180
388272
8637
25894
79733
132789
55848
81565
6342
51148
10174
1806
83448
810
4188
55182
8934
653404
26061
130951
83758
57325
9363
7448
9019
5493
81544
204851
5935
3190
5068
10538
5481
8403
51005
51002
7775
5991
57697
57120
200014
9729
1933
1937
1936
84340
29890
79778
144404
339345
11315
4144
80726
399670
54495
29088
29086
93649
79096
7178
496
5725
5691
56181
126969
30851
10656
80262
5093
4938
30834
196549
1466
84985
65008
253980
3611
84171
203245
114822
5375
51517
4111
7428
3608
55152
7936
9107
644903
7120
152816
8697
5777
55156
93082
7376
54828
10062
138162
10112
147807
23582
8974
88
27430
23089
79581
80256
51409
6626
6627
10948
199692
90288
55034
140947
5885
5094
9782
91137
112970
81030
573
4956
6175
79647
375056
58504
55178
6637
27295
7507
50650
80233
9319
27327
116832
51545
7582
6944
25847
25930
