10898
7516
219899
54880
6208
4259
89765
23279
130872
51292
60343
57116
10397
84064
54904
326343
283461
51447
10214
7681
5713
4637
2519
26047
283150
10768
805
10213
5518
25898
2773
6138
7040
440193
11135
27004
5700
3082
55273
389541
440603
124790
259240
5929
9362
3796
8874
56924
8721
5708
342908
64795
100101267
144501
80149
5062
100132979
6258
200132
6257
7020
1437
6696
3841
30008
170392
9452
8266
8260
158399
6418
11252
55850
56259
64968
10326
2770
9728
7158
6880
388389
83988
339745
23581
134553
259232
5915
190
2543
64173
1459
91156
10791
29082
4314
4223
374393
5699
10629
54663
54487
4302
153684
27254
25780
140735
10643
386684
2104
124540
353376
30827
29993
8463
50809
3354
10324
158219
55898
128239
54860
57381
9070
84547
55652
3892
3895
63940
55857
164153
1984
84939
81792
9474
4908
1024
2791
203569
119391
57019
10541
10542
284338
220965
11142
170384
3188
27291
9889
8675
134510
10554
283208
