79979
506
127703
80208
4814
9412
54556
53358
9632
54478
112950
10569
3887
84271
79003
9519
8543
55333
3838
28988
57409
80108
7988
9759
10083
57616
148266
8227
79635
51032
55075
9984
5612
65983
55030
149473
10482
27156
5879
3753
57674
25953
84106
90060
9618
10762
10769
84654
79027
79025
5510
83878
55138
6427
27128
5864
56204
441150
81704
57332
63898
63892
9770
553115
8738
5705
27005
93100
6756
6757
84807
116349
25876
153733
84260
8985
3795
1838
54205
9702
143884
1270
27243
6760
4342
8615
338785
55209
55201
149069
64802
11243
221044
10783
51142
154313
117177
64978
9377
79977
339965
51477
835
25813
7075
51649
54785
29959
58513
54927
11063
25828
4089
9814
7773
23479
51317
79986
5908
56254
26088
199720
9146
53938
9724
9722
11269
54821
112802
5047
54793
8270
23039
55195
92170
144233
4780
118738
5827
3856
3852
3853
3851
151254
123920
5912
140807
153527
10024
254173
54815
140885
148281
157773
79090
498
339047
51375
5690
3849
129401
2281
139628
8945
55284
53347
3059
6867
29982
51367
65003
10865
340075
51776
83593
7297
7532
114928
164592
7114
3040
148932
6456
23177
4115
125115
7551
130940
57763
10920
166979
4778
10586
8623
5507
3382
55308
7704
23143
10273
10421
51438
55150
9209
81892
22938
10286
7138
580
79696
92105
8573
340371
28952
945
149950
23429
6628
2483
57639
60592
254187
2067
9099
256369
1641
56956
29946
85019
29781
79640
463
91647
23185
25924
55633
55285
286887
65243
10445
55917
78990
84859
83538
80230
6015
148103
9266
2787
2786
5082
51138
5528
11170
283685
5318
