51282
293
8233
9253
7620
10417
138046
167465
55536
685
23125
3831
126868
51296
65265
892
51763
64112
9248
57403
9533
9753
7328
7031
64170
5892
29777
137209
79637
55109
23468
63915
164
163
85457
64927
9181
1974
808
64745
727751
539
1392
144165
55269
57647
89796
9775
83444
10093
10190
129049
6839
89953
55120
117178
81576
220136
51428
6895
90864
84946
9360
84707
85359
440184
83541
160140
79571
23650
7566
84832
493753
9958
56647
137492
79745
1106
23270
55698
25776
286499
3643
8631
64147
26249
80279
7707
116540
84619
1026
79794
79797
55198
26505
51160
51760
85027
10794
10248
7004
22885
7174
79768
79165
11040
84993
27042
5585
51207
3983
149371
84186
10474
122786
146212
11052
8655
4236
23567
5682
27250
55957
862
26121
5111
84080
894
285093
54058
5376
84221
1674
1329
7733
57542
163071
8907
4176
1069
1665
595
114824
79596
4103
283229
1020
1962
1027
27342
125965
2010
2012
162989
705
27434
83640
284058
170082
6924
9873
84342
23335
3881
8445
55145
23210
55565
138716
85302
10053
56929
2790
5423
170954
2669
137392
220963
5551
58500
374454
5129
5887
5878
399665
7257
80125
9610
2909
54165
57050
55758
28970
