5984
6799
80204
9255
9631
4250
3433
51473
8548
65080
396
81502
51334
2059
9047
64333
6818
9750
7329
2997
81628
25959
51043
389
431707
122961
6774
6772
10982
64105
80174
9349
9189
51562
54997
10589
1102
54754
51082
54552
6990
2992
1398
23254
6769
146395
60491
55863
339834
8861
6500
115290
8468
4670
158297
55872
4507
64946
2534
60686
10521
83942
55795
56925
112464
163154
2885
283768
7965
119369
9455
8667
55211
4798
6737
55336
26468
64783
55509
6832
26086
9726
8892
8890
93621
6093
51616
55222
5910
79882
7265
5001
10336
22976
91419
1054
169166
11047
54107
7572
3115
8649
51571
3183
3932
51377
441273
3840
64762
6660
55234
10907
1879
51256
1912
340542
10152
112752
54069
1046
115572
660
5592
55734
158809
28396
51361
1615
26232
26234
64400
5110
130162
10263
10465
54901
80317
84229
25801
2257
93611
7392
57132
7286
3735
401507
56946
10293
8906
9846
7703
640
648
4107
51729
51652
10443
26009
6850
84445
7408
28956
4005
92856
50626
201299
22924
10617
1649
8742
58473
5439
114932
91056
51388
4010
22919
22916
90011
3500
2670
10278
28978
