26152
56935
57474
57188
9328
54474
146279
7678
23500
55114
154865
172
3693
83606
765
65980
9963
441208
6687
900
94005
7337
8851
317671
202051
3329
55663
9112
2040
285205
51053
375307
81567
60370
9975
5866
90874
4601
90589
57335
63893
7301
79038
64976
57787
128439
5928
90594
26060
386672
353145
23503
222255
29926
29925
7490
7564
55080
7568
84838
55668
414157
221
4978
125058
84289
23616
54520
58487
7791
7697
9456
23475
8409
27023
26511
9929
55503
57693
285679
2771
94134
1857
10781
91151
79173
284391
126375
7589
1454
80184
79098
79095
6898
116835
7574
7753
2624
56969
55679
3050
6615
79159
164127
9622
91289
1468
100131997
114971
8434
79446
1401
570
342945
55888
56998
253461
116840
9228
79931
3049
3045
283551
1522
23314
51352
25796
401508
957
54461
54910
1794
3386
84294
4108
389741
3635
1312
27343
80345
137196
10069
3055
5311
2832
79673
79583
7718
399761
9912
6135
348174
57147
996
22920
362
4879
10611
10436
1831
4034
10667
196477
196472
1511
55170
356
94039
54438
399947
29797
1295
5027
340359
