27284
28990
26578
7518
6157
64284
2313
10969
56122
140890
253558
51110
51112
2512
10635
822
283899
3441
51067
1994
51460
1198
1196
7414
5535
126282
7171
7188
339210
79716
23554
91687
22954
7458
89853
65083
3839
55624
51277
378
150165
65263
10807
53346
202559
53340
9295
10712
1602
6817
3306
23762
26097
29775
699
8712
8715
23604
65981
5711
55039
51042
25911
64853
64859
4835
140459
9342
9184
10360
54998
1153
342667
80110
84259
10785
5270
5272
51329
91746
29903
79607
7541
55007
55006
55005
129868
55646
5602
5937
163081
246329
57730
3251
3338
80832
10197
5264
8607
127829
115584
4354
163882
151194
9600
6432
92610
5701
39
51074
230
141
83659
283987
2625
10921
85403
10687
7319
138428
84708
8161
2068
7141
23658
2886
8618
23236
55068
92359
282991
55204
51497
5940
5805
55660
29103
7812
65220
226
140465
57226
84152
6252
84285
2664
7024
3312
6300
79188
23132
170394
11065
79363
4085
22827
151531
55216
5836
27111
5830
26112
283459
7802
139793
3646
6396
9491
79961
441212
51076
116039
10250
132851
759
27316
79171
79792
1207
59349
283165
6632
8636
55197
23580
1801
253635
10458
57595
57594
7307
6277
9555
4081
64221
22978
54819
81617
22889
11180
83759
10900
171483
54108
7045
115416
284252
6477
221472
89866
91369
3939
6201
11275
55233
79891
9129
7917
978
152756
5834
9584
10475
5213
9051
92840
4234
5598
730394
25816
3945
4939
257000
5684
65005
6386
51187
23549
4059
5977
89857
3615
286514
79932
6050
874
2035
4599
9045
2967
10289
285672
1327
3957
3954
23310
92346
7423
5706
56165
10856
84950
10738
219402
51224
64393
25793
9453
439935
93986
81669
54469
134728
54918
11185
257062
26019
6590
6595
597
3149
1409
29035
542767
10650
23095
5774
644
373156
51341
26007
5763
200845
81786
128229
54458
7388
80017
54850
4869
9666
146057
8976
5315
1635
51538
11157
1500
6999
5890
8575
11237
85479
100288797
92070
4007
65123
3623
55964
4716
124808
441521
27350
149420
997
79077
121504
81888
116092
57035
60626
22859
5092
6820
6822
1645
8813
378708
29947
577
1351
11144
91869
9066
6636
3981
9669
64866
3766
389874
400720
9465
9188
54543
10423
54763
118426
3216
3217
84265
285141
54974
9015
1180
10236
57554
441519
7469
475
