55340
84975
81539
84912
283870
387923
57185
147872
84696
2686
90993
6809
84272
1438
754
169026
84867
84873
63908
7851
118924
6811
6810
55069
1382
3821
64102
140850
219854
6351
84102
9341
163183
2848
10219
10385
55132
729515
8987
27230
140767
10562
3788
344892
8834
6505
23484
23480
132228
4118
51330
56475
7809
9560
931
202459
84522
9570
10857
7780
388633
516
3872
638
389434
6588
253769
56649
84283
51141
9370
9173
9718
145957
157753
10228
132204
28
26984
79415
1896
130827
25777
56063
7805
7379
54539
11070
8674
4815
8417
286006
23367
51522
220002
51300
9936
9482
4950
7348
222662
5355
5354
5350
11270
55454
22797
84976
55238
2590
10651
64184
973
134701
7104
219738
665
664
663
56675
6440
51368
10483
961
969
147007
245934
27065
89885
55092
956
9145
9217
54865
9073
147744
80332
6843
4323
3140
79953
440
6844
1534
10841
5798
9445
9117
54852
2014
10282
10447
22845
706
54708
51257
23555
4283
79901
366
53826
10430
3162
58505
55281
84929
9885
5156
4481
64581
80342
727
51024
5639
6541
1366
