387856
10567
84279
5530
5534
79718
57727
8540
402
84905
729533
4828
8848
23564
4282
55251
5874
140851
132321
5515
8522
11034
60490
60493
84532
343035
55093
4350
435
825
79754
7143
9373
85007
3276
834
1725
60
5634
55697
51171
200576
25913
5837
1731
84618
23583
6230
221718
154796
64689
2762
22888
744
2949
2948
2947
56341
57213
84923
883
30835
8438
162333
83594
152926
54472
23568
80896
54585
256281
84310
1072
1491
51421
71
57162
1967
9094
10486
10290
7415
284040
842
84948
642
22934
7381
10492
22846
23558
2120
8778
329
55968
404550
124404
54443
80350
1073
389123
3756
2495
10043
84680
100137047
7083
79078
9805
5524
5635
