84914
28999
26575
5985
347
4733
4736
84866
51608
4830
154075
390535
9522
2100
2735
8940
9939
84677
54778
98
9747
9743
388818
4833
79005
29763
79058
58524
11163
55110
55118
8498
55337
55022
10971
80742
9246
9402
353323
653240
83595
54906
140258
91694
51222
5715
65987
65986
7050
80774
5757
166
84078
1819
4953
8853
114990
29124
79734
84292
84766
23705
80764
2184
11316
85280
85287
139212
60672
54507
252884
8601
4909
11007
23061
79616
23390
63920
130557
55274
55786
221504
27132
159195
80153
386677
386678
80028
10743
10524
5499
353141
83897
146540
83899
26002
147525
30011
4184
11017
11338
51327
5932
81926
10758
10539
7360
415117
199834
23648
786
8061
4088
55072
55074
9817
440023
9925
64782
55859
5998
10811
150483
117144
9140
3164
53335
10253
10256
79088
83746
388387
79177
284403
3104
6780
118427
7746
3927
5914
10107
27306
23005
901
112812
9022
84304
6919
83755
5359
8241
29068
167826
9812
23371
287015
55521
85294
56984
2623
26228
57561
6599
9586
868
4154
133619
163050
22899
22807
55854
84988
7726
10717
5687
10817
26231
26236
121268
3726
2107
1610
79843
875
4841
5204
9044
11199
22893
5565
5562
5563
89884
6733
63971
2353
10072
9218
22943
10606
84307
5300
1406
4215
9841
5571
130540
126070
51233
3630
22864
90655
79444
29107
85376
4665
79868
10597
11059
493911
81
1656
196513
6929
6926
23154
8576
3884
347240
4004
64651
81790
9470
9278
56923
10616
10127
84959
29785
79065
8368
23181
3185
55179
51389
358
255877
10733
2079
57048
9640
5089
5733
2815
6495
1163
147687
6498
6945
25842
51027
3198
