55760
55900
64708
51603
63932
51118
25763
9525
201725
9322
133746
84056
6801
29965
1756
284001
1175
29108
689
8382
23295
28986
2332
84173
398
11284
4625
26148
51105
57402
199221
9404
10403
54967
84062
90678
54981
24144
5709
80817
26098
79719
11339
93426
5500
5501
11117
55165
23265
93233
6871
1070
57673
1678
4839
57096
10363
54970
3225
123722
84936
54751
319101
143241
55845
220134
257397
6168
81566
5867
266740
9851
25764
150082
63894
83937
6404
10204
79036
115106
29911
55127
644186
439
4113
55272
81570
286053
4175
56478
4619
80714
25855
3880
9372
51203
140576
254251
199745
90133
146439
1489
1719
112714
29923
8727
8500
4747
2882
14
8187
2959
55200
79993
7203
2098
140460
26276
57805
94122
94121
11072
2146
5746
8887
10928
9832
64419
631
3860
91949
51552
7770
374355
326625
8318
4793
115948
92703
55696
100132565
11091
5901
53371
2170
22981
7159
54535
29094
130271
1039
285753
285622
6883
375341
11075
29079
23214
55191
8419
23647
89870
130340
374659
51309
8099
11147
154043
26258
57573
167691
3298
1453
3866
79092
7170
171484
374666
11278
145282
51193
10902
92597
57215
201255
10302
6633
53916
6286
2026
80314
84365
80318
7979
1041
10010
64786
79441
9827
318
158067
311
10015
7431
407
64753
285782
10318
10640
6293
26127
3434
3437
4591
80306
84897
84557
132954
51510
8687
127540
10890
6602
6605
57761
153643
219348
23594
167555
84167
9670
26284
3550
121457
134359
4171
1068
206338
79682
729862
339416
444
23099
119392
4100
4105
8347
124149
51015
6619
84940
153743
6103
27341
57658
9111
9443
80254
10063
2653
9208
22931
22932
114823
7251
22844
80323
645455
29844
541468
23332
8379
284802
752
55701
6137
10946
9275
84140
91408
10615
200081
4494
10540
3799
91133
2800
468
23636
23633
220082
60561
56852
11074
78998
80321
9265
2071
10133
80347
10556
79101
118
167838
129531
25934
