55611
26151
222546
56904
90799
84126
6373
54550
11266
122769
137886
54955
54776
729991
10362
4253
58526
8767
130502
7456
409
408
5997
84904
147700
159162
5859
51100
10399
54962
4656
6812
7325
7321
23609
170685
23288
129880
23281
4281
7767
7531
9521
387
27158
161582
116328
158405
9501
79839
79810
10361
7205
84656
22806
5478
11100
5601
115265
27018
4292
10992
9513
80019
146849
25804
10193
9108
653121
79720
26073
65056
140688
80022
133015
112869
1487
8798
79753
8503
9093
8470
51322
80705
337867
9391
23641
220108
91544
55236
55086
78986
90933
10320
5692
843
255180
10254
6884
1021
7165
23107
8676
51016
6950
51619
123169
117157
6271
84191
147372
9025
10241
196483
10801
11043
222389
112858
79663
6470
6717
7857
64769
22796
2280
79050
9587
256646
57819
79158
79156
84816
160777
89891
11201
51690
9911
4437
55885
6672
27258
6938
10919
440321
56159
10262
23062
79618
10460
54908
767
7115
57820
79140
284618
22890
29994
6455
389119
6607
10328
51225
66036
63978
896
6117
51645
51647
9454
57547
57541
124460
121536
9694
84163
84305
7126
83786
84545
5413
79685
1408
79666
9844
5577
64210
331
29057
23433
54942
92822
63948
63943
51655
23001
80258
57159
64081
79869
56952
54704
87
285180
339448
6925
51535
51533
23157
7407
51667
6133
64090
57144
5143
9659
347918
9589
84456
54623
79172
6284
4735
585
27297
4222
4645
2193
5159
84775
196883
7276
2671
84661
2810
8773
29950
11179
9139
8396
23198
51466
