55619
23059
11167
7454
55757
9767
10391
54980
54431
29116
65988
6770
96597
84105
3589
54758
5511
29906
51631
10994
317762
80169
8131
162681
10513
10202
414927
4110
8462
6431
85465
54834
9874
1457
374354
55621
11276
211
80196
9541
5127
22980
79085
6882
605
30001
23212
1800
191
284486
255631
117159
79959
79139
375133
51684
55608
2591
10018
257144
6297
10007
84795
142679
7116
151647
1413
5567
50808
10922
57018
147746
7639
27131
54926
9447
114908
79589
4715
57634
57456
84219
283212
130013
55915
64860
10607
64770
