55349
115817
3689
3775
283576
63027
56906
4148
6374
6375
168417
169841
1195
285533
23051
8763
388677
146760
5620
7692
25945
23473
374
6783
10268
286827
11285
248
113146
57088
2695
83463
280664
1146
4759
250
80778
27315
79836
5467
80178
85293
85291
10169
353332
9766
79022
55510
10020
340419
58986
7549
23386
6166
55319
27232
6691
9422
56926
9779
285367
1944
80830
25888
7571
50863
4356
10904
11345
11341
23710
56654
197320
91523
143684
5819
1435
386676
386675
64129
9168
93185
8878
3241
84705
79876
125919
84527
83896
162967
53944
7142
8612
339366
92283
11330
23235
7766
6234
5863
10126
140606
1820
84733
7027
7029
79744
1038
23640
7481
2896
55773
10188
286075
11277
64781
57696
5013
11092
9721
5125
8896
203054
80864
146894
54221
10894
2950
9630
284390
57396
145946
5730
23589
7580
7741
64773
494514
1455
2166
10793
10249
148254
83795
284418
51009
91703
8646
7592
374403
92815
8330
155054
93145
3846
22795
10874
90957
2592
5031
1876
1877
90390
11314
7351
3281
163059
10490
337960
58191
129303
7728
7106
162993
7355
55677
5152
1311
414318
55739
11202
130560
51364
55554
1470
5979
51213
200261
56993
887
2563
374879
5025
386682
386681
386680
80270
5211
2740
129138
11197
3047
474344
5373
4336
10467
492303
91582
6603
4062
4068
5817
90407
93474
7289
9075
9674
9672
10101
152007
6846
7633
79047
443
3836
8692
84892
336
1889
949
128821
55738
353139
353132
3561
10252
5317
57532
147660
7711
655
126526
3087
55737
401288
3889
8326
4000
9473
407738
64093
80135
10618
55257
10437
54716
84457
4241
5876
51699
51701
78999
153328
10954
5794
55823
7879
59277
152815
10134
54544
7695
124935
8771
1746
147686
25844
136051
1861
353144
