4818
84693
151636
83851
8723
203068
57085
84067
10087
493829
79016
5090
1543
6776
254122
29907
23498
91445
81569
10376
116173
89882
29916
4194
51025
23392
60314
57142
6758
56474
56655
80154
84525
3308
11126
89927
8050
51228
114088
51324
23204
26207
58488
10226
26985
7284
29934
11069
51001
326624
5832
6642
7019
59343
8724
25852
6273
6275
9238
29887
6472
10208
56616
2572
2571
57568
6285
6041
6612
80210
2975
127428
65009
150274
56997
162427
139341
4595
114569
27247
5780
5781
79922
6613
3146
1400
79594
335
140683
23438
7274
64083
79863
151393
8803
65985
26100
80221
10313
57146
369
54441
2668
11094
92689
8369
200734
4801
826
10469
54765
10550
79072
346157
5631
