221786
23368
57473
57189
340706
79755
8837
29761
7185
7186
30014
51274
7525
373
55246
23424
63904
200558
54956
10574
10576
58190
83461
7067
7064
79706
112744
1386
64857
96626
2202
10054
9502
26040
8859
5778
8452
23387
55793
60496
1809
1808
10773
80013
90121
83445
57684
9020
10206
8737
256302
729603
3801
7391
57655
5078
56896
10529
1488
11105
93487
7189
55840
64798
51147
10534
6304
128178
1030
729967
9871
170626
51008
9810
4155
166793
2553
4899
90355
9547
159686
22948
755
91392
55199
129831
6231
7586
4784
4783
64778
729428
10802
64518
4552
27300
23326
7341
391257
54810
9021
89
91893
23759
5747
7597
604
3238
2577
130026
1911
10472
113802
219736
266697
5689
255167
25788
54870
388407
8915
84311
84312
123688
11196
283152
1418
284297
1917
89797
55083
389114
2355
1891
958
4926
2130
10078
256309
10106
84309
7128
6591
25901
3964
64648
10935
56006
6788
64396
81847
84333
80325
283385
147339
64395
79698
83648
26748
26749
23338
55148
26353
23421
65258
257218
9205
5144
22929
84460
79642
126626
5886
80011
64663
81631
7871
9462
51073
10138
26003
54925
3215
55164
134637
79656
6657
28971
