51265
160419
273
4688
81629
84690
3200
5533
8502
339324
55629
55802
117245
219844
56915
53615
10084
54900
79632
29115
11020
28227
55749
84809
2792
81608
902
9616
5296
1810
285172
84934
11108
23075
29127
339231
11033
284992
4998
84811
27125
27124
5862
4600
57649
27238
57333
22828
83446
10094
149483
159989
4355
5702
253827
998
8424
29922
79577
388701
3875
155060
10435
207
85397
85395
80142
152503
9787
84458
7023
85865
8065
8666
26051
26240
9499
342132
79960
401541
84612
7168
23034
51019
3854
6095
51164
51765
56243
23548
57596
9550
22974
80129
8936
158787
79169
51101
652968
8796
23028
50855
84991
51550
132158
5584
3937
55231
221120
79892
90423
7918
51700
5108
10494
83695
11051
9825
5685
27257
116442
90410
8428
57559
57698
79848
4846
2039
6908
196441
50804
3958
4116
245973
10124
9690
54734
388695
79048
115201
257160
283237
23092
26751
23149
84894
65117
348303
10933
64398
56000
3707
9063
84330
27229
7139
9113
8204
285987
8115
11151
11235
55388
6629
84932
55702
219988
51668
148581
5147
57459
113115
10434
23219
2801
84282
11267
51382
55286
153769
55916
1616
988
22911
4807
54540
9643
23199
57862
1983
3219
116841
8825
6941
1788
87769
