26151
84056
54776
79755
51460
3839
84904
11284
159163
10399
6812
2997
23609
55165
9521
84078
11100
2992
10992
246329
25804
653121
115584
51428
140688
60686
10921
10687
8161
1487
1488
2068
79753
283768
55200
81544
337867
23641
8318
55696
78986
286499
10320
27316
55197
93621
10458
10336
10241
11180
83759
222389
6717
51193
2280
1912
10472
1041
10010
84816
730394
158809
10015
255167
27257
27258
10262
80306
2967
29994
10890
401507
84305
5774
7703
63948
63943
10063
9666
339448
23089
8575
7407
51667
149420
5143
10127
1645
23185
4222
10733
9188
10133
23198
