27284
26578
6157
2313
56122
140890
51110
51112
84124
2512
10635
822
283899
1994
1198
1196
7414
5535
126282
7188
79716
23554
8545
22954
65083
23276
51277
150165
65263
10807
53346
202559
53340
9295
10712
84062
6818
1602
6817
3306
26097
699
65981
5711
64859
64105
4835
9184
10785
10180
5272
83638
91746
55845
79607
55848
7541
55007
129868
51631
60493
60496
55860
55863
27232
5602
5937
339834
3251
10197
127829
163882
9600
6432
6431
92610
5701
440603
51074
141
4507
83659
64946
9363
85403
7319
112464
23658
2886
8618
23236
55068
51497
5805
55660
56648
79993
65220
5935
140465
84152
6252
84285
128178
7024
3312
3841
6300
79188
23132
11065
79363
4085
22827
151531
6418
55216
5836
5830
283459
7802
3646
6396
441212
1933
51076
1937
1936
10250
132851
759
339745
79792
1207
6632
8636
1801
253635
191
57595
57594
23326
7307
6277
9555
4081
10797
22978
54819
81617
29088
22889
10900
115416
284252
6477
89866
91369
3939
6201
3183
11275
374393
3840
55234
79891
978
5834
7356
3281
10475
5213
9051
92840
196549
4234
5598
25816
3945
11201
4939
6386
4059
89857
3615
79932
6050
874
2035
4599
10263
54585
9045
80308
10289
8463
285672
1327
3957
23310
5706
56165
84950
219402
51224
64393
9453
93986
81669
54469
163071
134728
8906
26019
6595
3149
1409
23095
51341
26007
200845
81786
55577
128229
54458
7388
8976
1635
51538
11157
1500
6999
11237
85479
100288797
4007
50626
65123
3623
55964
257218
201299
124808
441521
997
79077
22924
121504
81888
116092
57035
60626
6820
6822
10541
8813
378708
577
114932
11144
9066
3188
9669
64866
3766
389874
3756
2495
400720
9465
54543
10423
54763
118426
3216
3217
84265
285141
54974
9015
10236
57554
441519
7469
475
