55342
220164
128872
4739
54845
148413
200523
54954
84058
148523
92345
5451
51778
2303
84872
2271
9247
26039
9337
1600
10570
10573
2874
694
51440
7447
51596
150572
9503
9500
79833
5292
10766
10142
112597
83637
284680
23673
5604
11030
284194
730441
23493
55796
146664
7832
8862
54502
57523
816
817
84536
9477
5187
54033
342666
83714
163590
284185
55015
91526
4174
9949
201181
4149
90268
10342
22836
337879
84528
58498
58493
5257
11129
7148
29924
23126
55466
197335
11334
15
27033
155066
142937
57687
10750
64744
84281
27237
255193
84516
113878
54784
169966
284656
30000
11060
79364
150383
8812
4792
212
128977
140706
54532
54797
1032
2957
9260
86614
1448
26508
55048
9802
6233
3925
8751
113251
7008
8939
29883
3067
79760
23201
129807
23593
150864
5583
3845
5307
6668
84970
51194
6665
9123
26138
10016
654346
284069
391104
1263
83719
6913
51316
6671
23413
51185
50945
147650
337963
7920
79930
50943
337974
337972
92421
84316
23327
91404
3805
1410
1411
1414
284276
1417
92129
301
8350
55011
92906
27246
3609
4920
4929
81846
4800
10105
246269
388324
3148
4212
23543
1535
50717
66037
27287
57715
9531
9444
6911
125144
10284
54855
5316
583
9878
8372
145226
541471
9899
2958
348487
167153
5148
6310
122183
54715
112401
8078
80218
55041
6631
9883
10422
84688
54971
8412
8826
5252
91875
8553
23623
160418
3481
