55768
51060
150771
9413
57506
10411
54557
64328
6150
51271
51297
6782
63905
9240
84968
2878
29979
441518
23283
55326
170261
6354
4832
3535
3537
5054
7335
5479
5276
79024
26071
2994
155465
2212
30848
6184
9516
80012
813
79723
254827
28815
7316
121506
7781
252983
8504
23127
5669
11332
8473
221421
51035
51144
3572
64374
10551
54830
5480
114898
9818
55500
327
57126
3480
54790
79089
653808
79175
30818
727800
5824
8933
10906
1278
1478
1300
10879
2286
7356
118881
203523
83692
6447
51561
4681
54471
22955
5203
1671
51738
124220
8905
3099
7411
55374
23435
2335
130617
9202
10664
7135
28793
118471
5542
152573
2169
4675
54840
4878
125170
203562
5552
9861
11145
55353
114793
51706
113791
7314
9798
3177
2912
1485
23190
