55616
2316
10036
136895
441362
6887
22872
54957
79622
91661
8545
343472
7690
144347
50674
51072
65264
284904
161829
2274
56911
2051
84069
23334
118812
160065
5441
11116
29974
79707
126382
127255
10212
8440
5877
51564
55810
2516
1978
3221
79026
83638
138311
8520
51582
84817
27129
55860
57642
285381
5058
113451
203228
25885
9039
526
1019
8045
25977
3613
11340
91522
158427
56895
56891
10742
3091
252969
9703
637
6539
26525
120379
4762
56648
84324
51143
50484
58157
162972
1031
8661
79368
4924
25915
116496
112399
3267
84299
24139
840
347517
29894
124995
1447
29078
51013
51307
8664
5000
9852
85021
254359
2168
240
64062
10797
3111
51686
51379
131377
54902
5966
199223
56980
90427
56344
201254
1123
779
4303
8436
84984
151011
51693
153657
406
27095
5970
10912
9138
3728
221184
128209
81854
10005
3093
23136
387882
84313
80308
54726
117581
10459
1791
598
134265
3092
378108
54946
148223
55970
55577
5753
946
3399
11159
91252
155006
389799
57624
5176
64098
9098
54935
29948
572
3161
22950
51444
114792
4012
3612
989
983
79802
9464
26015
6303
79849
10425
5332
5427
114327
196403
121549
