3
4
7
25
40
41
43
61
71
75
78
79
83
86
87
88
93
97
109
115
117
120
121
122
127
129
133
135
150
156
160
162
166
171
176
181
187
191
192
198
205
211
213
224
225
231
238
246
253
262
263
265
268
281
298
304
310
314
316
317
320
325
336
337
339
340
347
353
354
356
362
366
370
372
374
381
383
388
391
394
395
396
397
403
412
415
417
435
439
440
444
445
449
451
455
462
472
473
475
476
478
483
490
491
492
494
495
498
500
510
512
513
514
538
539
544
545
552
553
557
558
559
561
565
566
568
569
570
579
582
583
585
589
594
596
600
603
606
612
614
618
621
626
629
636
638
640
643
654
657
661
671
672
674
679
680
681
683
684
685
686
699
705
708
713
717
721
730
734
740
744
748
751
756
761
762
770
773
775
776
778
779
787
790
795
799
807
808
813
816
817
820
822
824
827
831
833
834
837
840
843
847
848
860
863
866
870
875
891
894
901
907
908
915
917
926
936
944
955
956
960
972
975
979
983
984
986
992
1000
1003
1016
1025
1033
1034
1044
1054
1064
1065
1075
1076
1079
1086
1101
1107
1108
1109
1129
1161
1165
1166
1171
1172
1173
1174
1175
1176
1178
1179
1181
1188
1190
1196
1197
1207
1226
1227
1231
1237
1241
1243
1247
1249
1252
1253
1254
1260
1261
1263
1265
1270
1273
1276
1279
1282
1301
1307
1310
1312
1313
1314
1324
1336
1337
1338
1340
1341
1343
1350
1353
1354
1360
1366
1373
1374
1383
1384
1392
1399
1400
1402
1403
1412
1418
1422
1426
1427
1437
1439
1451
1456
1458
1463
1464
1467
1468
1479
1483
1484
1490
1491
1493
1504
1508
1512
1519
1522
1528
