1
5
9
10
11
16
20
22
23
27
28
32
33
35
36
37
39
42
44
47
50
53
54
58
60
63
64
65
67
69
70
74
82
84
85
89
92
94
95
96
100
101
102
103
104
107
108
110
116
126
130
131
137
140
141
142
143
145
147
148
152
154
155
157
158
159
161
163
167
177
183
185
186
188
189
190
195
197
203
206
208
210
220
221
226
228
229
232
233
234
236
239
242
248
249
254
255
258
261
267
270
271
272
273
275
276
277
280
287
289
292
295
296
297
301
306
312
315
319
322
326
327
329
338
341
343
346
349
351
355
358
363
367
373
376
382
384
385
390
393
401
406
408
410
411
413
414
424
425
426
427
428
430
432
434
438
448
450
454
457
461
466
470
474
480
482
484
485
487
496
501
502
503
508
519
520
522
526
529
532
536
537
543
546
560
563
567
572
574
576
581
586
590
591
592
593
598
601
602
608
610
627
631
633
634
635
639
642
645
651
652
656
658
659
660
662
666
668
670
675
682
687
690
697
698
703
706
707
710
715
716
722
723
728
729
738
739
747
754
760
764
767
780
784
786
789
791
797
798
800
801
802
804
805
812
818
821
823
825
829
830
835
838
842
845
849
851
854
855
858
859
869
871
873
874
876
877
887
888
889
890
893
899
902
904
909
910
912
913
916
918
919
920
921
922
923
928
929
934
935
937
948
958
965
966
967
971
976
978
980
985
987
991
995
996
997
998
999
1005
1006
1008
1011
1012
1014
1015
1020
1021
1023
1027
1028
1029
1030
1032
1037
1038
1047
1049
1052
1059
1060
1062
1072
1081
1082
1083
1087
1089
1091
1094
1095
1099
1100
1110
1112
1113
1114
1116
1117
1118
1119
1120
1121
1125
1126
1128
1130
1133
1138
1139
1141
1142
1145
1146
1147
1152
1154
1156
1157
1160
1162
1163
1164
1167
1177
1180
1182
1183
1186
1191
1192
1194
1195
1199
1201
1205
1209
1210
1212
1213
1216
1221
1234
1235
1238
1239
1240
1242
1245
1251
1268
1271
1272
1275
1284
1293
1294
1297
1298
1299
1308
1315
1317
1318
1319
1320
1323
1326
1327
1331
1332
1334
1335
1339
1344
1345
1355
1356
1357
1358
1364
1367
1368
1372
1375
1377
1378
1381
1382
1385
1386
1387
1389
1391
1393
1395
1401
1409
1411
1419
1420
1423
1431
1432
1433
1434
1435
1438
1441
1442
1446
1447
1455
1457
1459
1460
1462
1466
1469
1470
1475
1476
1477
1480
1485
1486
1487
1488
1489
1492
1498
1499
1500
1505
1509
1510
1513
1515
1516
1518
