0
2
6
12
13
15
17
18
19
21
26
29
30
31
45
46
48
51
52
55
56
59
62
68
72
76
77
80
90
91
98
99
105
106
113
118
119
123
124
125
128
132
136
138
139
144
146
153
164
165
168
169
170
173
174
175
178
180
193
194
196
199
200
202
207
209
214
215
216
217
218
219
222
227
230
235
237
240
243
244
245
247
250
251
252
257
259
260
264
269
279
282
283
284
285
286
288
291
293
299
300
302
303
305
308
309
311
313
318
321
323
324
328
330
331
332
334
342
344
345
348
350
357
359
361
364
365
368
369
371
377
380
386
389
392
398
399
400
402
404
405
407
409
416
418
421
422
423
429
431
436
437
441
442
446
447
452
456
458
459
463
467
471
477
479
488
489
497
499
505
506
509
511
515
516
517
518
523
525
530
533
534
540
541
547
548
549
550
551
554
556
564
573
577
578
584
587
588
595
599
604
605
607
609
611
615
616
617
619
620
623
624
625
628
630
632
644
646
647
648
649
663
664
667
673
676
677
688
689
691
692
693
694
695
696
700
701
702
704
711
712
714
720
726
727
731
732
733
735
736
737
741
742
743
745
746
749
750
752
753
755
763
766
768
769
771
772
774
777
782
783
788
792
793
794
796
803
806
809
810
811
814
815
819
826
828
836
839
841
844
846
850
862
865
867
872
878
879
881
882
883
884
886
892
895
896
898
900
903
905
906
911
914
925
927
930
931
932
933
938
939
940
941
942
943
945
946
947
949
950
951
953
957
959
961
962
963
964
968
969
970
973
974
977
981
988
990
993
994
1001
1002
1004
1007
1009
1010
1013
1017
1018
1019
1022
1024
1026
1035
1040
1041
1042
1043
1046
1048
1050
1051
1053
1055
1056
1057
1058
1061
1063
1067
1069
1070
1071
1073
1074
1077
1080
1084
1085
1090
1092
1093
1097
1098
1103
1104
1105
1106
1111
1115
1122
1123
1124
1127
1131
1132
1134
1136
1137
1140
1143
1144
1148
1149
1150
1155
1159
1168
1169
1170
1184
1189
1193
1198
1200
1202
1203
1204
1206
1211
1214
1215
1217
1218
1220
1222
1223
1224
1225
1228
1229
1232
1233
1244
1246
1248
1250
1255
1258
1259
1262
1264
1266
1267
1269
1274
1278
1281
1283
1285
1286
1288
1289
1290
1291
1292
1295
1296
1300
1303
1304
1306
1309
1311
1316
1321
1322
1325
1328
1329
1330
1333
1342
1346
1348
1351
1352
1361
1362
1363
1365
1369
1370
1371
1376
1379
1380
1388
1390
1394
1396
1397
1398
1405
1406
1407
1413
1414
1415
1416
1417
1421
1424
1425
1428
1429
1430
1436
1440
1443
1449
1450
1452
1454
1461
1471
1472
1473
1474
1478
1494
1495
1496
1497
1501
1502
1506
1507
1511
1514
1517
1520
1521
1524
1527
