378465
55349
55619
55616
55340
55342
55611
27284
79979
84914
28990
28999
196074
10898
55296
26578
115817
26575
51265
51264
5987
5984
5985
7516
55760
347
220164
55768
51060
7518
506
127703
51282
3689
128872
6157
6158
55900
84975
55906
64284
4733
160419
4736
84866
81539
2316
4739
2313
10969
6799
64708
51608
255043
56122
4830
221786
51603
55585
293
84912
154075
3775
283576
348110
271
273
4688
10036
150771
283870
140890
23368
26152
26151
80208
222546
80204
54845
63932
136895
253558
81629
51110
51112
219899
56935
51118
25763
387923
63027
9529
2444
390535
57474
9525
8233
9255
9253
9522
57473
56906
56904
57188
57189
57185
90799
441362
4148
2100
84126
84124
4814
255101
4818
148413
9412
9413
200523
2512
57506
10635
6373
6374
6375
6887
7620
10417
343263
201725
10411
2735
54556
54557
168417
54880
53358
54550
11266
122769
9328
147872
22872
801
9322
9631
9632
387856
137886
54478
8940
138046
54957
54954
54955
84690
133746
84693
9939
84696
340706
167465
84058
54474
84056
148523
2686
822
6208
90993
283899
84677
54778
122060
6809
3441
54776
126003
6801
98
9747
10567
9743
112950
79755
10569
51067
388818
1994
3200
4833
146279
3887
84279
84272
169841
8837
84271
116225
51460
92345
284312
29965
729991
1438
7678
151636
55536
1198
79003
79005
5451
1195
1196
285533
83851
1756
10362
29761
284001
29763
4259
1175
23059
79058
64328
4250
4253
79622
23051
9519
7414
23500
5533
754
5530
5535
5534
169026
8723
89765
2208
6150
58526
58524
126282
7171
11167
91661
11163
7188
29108
8767
689
79718
8763
388677
685
339210
79716
7185
7186
146760
23554
91687
3433
30014
130502
57727
8382
51473
8502
8548
8545
343472
22954
8540
8543
8542
7456
55110
7454
55114
55118
7458
5620
25949
23125
339324
203068
7690
402
7692
23295
8498
25945
89853
409
408
65080
55629
65083
23473
3831
55333
3838
3839
55337
55624
28986
5997
23276
84904
84905
126868
84867
23279
144347
28988
2332
50674
51271
154865
51274
51277
379
378
84173
7525
55757
130872
373
51072
374
55022
51296
51297
55246
51292
60343
65264
65265
150165
892
65263
396
284904
398
51778
10971
6783
6782
729533
81502
2303
84872
84873
10268
23424
286827
147700
11285
11284
51763
161829
64110
64112
55802
4625
117245
248
2275
2274
10807
2271
159162
159163
26148
80212
80742
51334
5859
51105
51100
63908
63905
63904
11016
9767
57409
9248
9240
57403
57402
9533
9247
9246
26580
56911
219844
7851
56915
5605
172
2051
199221
4828
2059
9047
113146
3693
80108
9402
7984
26039
9404
7988
200558
10623
53346
202559
9337
10403
53615
53340
54956
57116
57085
10391
64333
10397
10399
57088
6385
118924
353323
54967
9295
54962
7216
1977
84069
4656
10712
1600
84063
84062
2695
90678
84067
653240
84064
6818
1602
54981
54980
84645
6811
6810
6812
6817
83595
3306
9753
9750
10574
23334
10576
10570
9759
10573
7325
24144
57176
7321
7323
10084
58190
10087
7328
7329
23762
10083
8848
118812
55147
83463
83461
84968
5709
2874
280664
2878
57616
80817
7031
3351
54904
493829
64170
160065
2997
54906
79016
26098
7067
5441
7064
5892
54900
79719
26097
29777
29775
83606
5090
137209
148266
1146
79632
10868
8227
23564
79637
79635
140258
11339
326343
93426
54431
5500
5501
1543
694
699
81628
11117
11116
29974
8712
8715
283461
79706
79707
29116
29979
29115
23604
51032
91694
55075
441518
23609
112744
51447
9984
765
51440
126382
55165
11020
7447
10214
5612
170685
55109
51222
127255
23288
55069
25959
410
7681
129880
23281
1386
23283
28227
5715
1382
3821
23468
5713
10212
55326
55324
65981
65980
65983
23265
8440
5711
65987
65986
65988
4282
93233
4281
55749
7767
6871
55039
51043
51042
55742
170261
7531
55030
51596
149473
55251
25911
9521
387
10482
389
431707
122961
84809
4759
64857
64853
6774
6776
6770
64859
6772
10982
96597
27158
5877
5874
9963
2792
27156
5879
7050
150572
96626
3904
161582
51564
3753
64105
64102
116328
259
4637
1070
158405
250
4638
55810
57673
2202
80778
57674
81608
80774
5757
27315
1678
10054
441208
63915
6687
902
140850
140851
9502
9503
9500
9501
900
219854
79833
94005
79836
25953
164
79839
166
5467
83733
163
4839
6354
80174
85457
6351
286451
80178
84102
4832
4835
84105
84106
140459
85293
2519
85291
26040
2516
64927
79810
26047
9616
9341
9342
10169
5296
9349
90060
5292
9618
57096
57097
9184
3535
3537
9181
5054
10361
10360
10363
9189
1810
353332
54970
138065
283150
84078
1819
7205
163183
10762
10766
10769
10768
51562
54997
84654
84656
54998
9766
1153
4953
342667
7337
7335
80110
1979
1978
3225
84259
10589
1974
3221
8859
808
254122
10785
8853
8851
805
64745
132321
123722
317671
2848
1102
22806
285172
84934
202051
10142
10213
112597
3329
3589
84936
10219
5478
5479
83637
5276
5270
10180
5272
79027
79026
79025
79024
79022
388272
83638
54751
54754
727751
138311
54758
5778
51082
26071
8637
54552
114990
51329
6990
11108
23075
5518
25898
91746
5511
5510
5515
29127
284680
29124
339231
55663
11100
2993
2994
10385
25894
29903
29907
29906
79733
2992
539
79734
23673
319101
143241
55845
132789
84292
5604
5601
83878
8522
8520
9112
55510
11034
11033
11030
55138
55132
79607
10020
115265
1398
284194
1392
2040
730441
84766
2773
23498
23495
23493
144165
8452
23254
23705
285205
55848
340419
6427
284992
27018
220134
51053
58986
4292
7549
91445
23387
23386
51582
7541
375307
55007
55006
55005
55266
4998
55269
155465
129868
257397
55793
6168
81565
55796
81567
81566
81569
6166
51631
729515
6769
10994
84811
10992
84817
60370
27129
27128
9975
55646
5864
5867
5866
27125
27124
55319
5862
266740
146395
60490
60491
60493
6138
60496
80764
90874
2184
55860
55863
4600
4601
2212
57649
9851
57647
57642
56204
317762
8987
27230
11316
27232
6691
51127
27238
90589
140767
285381
30848
5058
5602
146664
441150
7832
5937
6342
80169
51148
339834
8131
85280
6184
85287
139212
9422
81704
25764
57333
57332
9604
57335
56926
163081
10174
246329
60672
22828
10376
150082
1806
162681
10562
57730
116173
3788
1809
1808
10773
9516
63898
9513
80019
63894
80012
80013
63893
63892
90121
56005
89796
113451
83937
9779
9775
10513
9770
83444
83445
83446
7301
8862
285367
8861
3251
57684
83448
1944
9020
54502
54507
57523
810
813
6404
816
817
10093
84536
84532
146849
9477
10206
25804
10204
10202
7040
343035
3338
80830
203228
80832
5187
79038
10197
414927
5264
10193
10190
89882
553115
10094
149483
79036
440193
129049
9108
252884
4188
344892
653121
55182
115106
8601
8607
6839
25885
11135
54033
342666
25888
127829
8934
7571
79720
115584
79723
9039
159989
526
29911
29916
1019
8738
89953
83714
8737
1013
4909
8045
64976
55722
4194
50863
163590
256302
26073
8834
4354
4355
4356
55093
4350
11007
25977
55120
6500
6505
55127
644186
23061
79616
439
284185
435
10904
115290
4113
163882
151194
9600
4110
3613
23484
729603
3801
65056
23480
117178
8462
11345
11340
11341
132228
8468
4670
23710
56654
55015
51025
6432
6431
92610
197320
5705
27004
27005
5700
5701
5702
23392
23390
4118
92181
63920
91526
130557
91522
91523
3082
39
158297
55274
254827
60314
55272
55273
389541
81570
81576
143684
220136
55786
440603
57142
286053
51428
4174
4175
6758
124790
93100
51074
6756
6757
84807
221504
5819
56478
1435
27132
6895
55658
9949
56477
51330
56475
56474
56655
201181
116349
653404
56658
57787
4619
80714
90864
55872
7391
230
259240
25855
140688
159195
84946
128439
57655
25876
5920
3880
153733
5928
5929
4149
253827
9372
141
90594
998
4507
83659
283987
51203
90268
140576
26061
26060
7809
80154
80153
130951
386672
83758
2625
386676
386677
84260
386675
254251
386678
64946
64129
2534
158427
199745
57325
57326
9362
9363
9360
8985
5078
28815
9168
10342
60686
10921
22836
56895
85403
56896
56891
337879
3795
1838
3796
10687
9560
80028
93185
80022
931
10743
10742
10524
202459
10521
3091
54205
133015
10529
90133
83942
252969
9702
9703
7319
8874
8878
3241
7316
138428
387032
146439
84708
7448
825
84707
84705
79876
125919
84527
84525
84522
55795
56925
8161
84528
56924
112869
121506
58498
1487
5499
3308
7037
58493
7039
1489
1488
9019
5493
143884
2068
85359
5257
1719
353145
10613
353141
1270
9570
83897
83896
146540
112464
83899
440184
83541
10857
112714
162967
23503
26002
53944
27243
11126
8424
11129
7780
7781
8798
79753
7148
79754
160140
388633
163154
222255
7141
7142
7143
147525
252983
89927
8721
29926
29925
29924
29923
29922
8727
516
8500
8503
8050
30011
8504
637
23658
79571
4747
23127
23126
4184
79577
23650
5669
6760
4342
6539
2882
2886
2885
7490
11017
8615
388701
51228
338785
8612
11105
339366
8618
114088
3872
55466
3875
92283
11330
197335
11332
11334
26525
283768
11338
9093
23235
8470
8473
23236
7566
7564
15
14
221421
51035
27033
55068
8187
92359
55080
282991
7568
7766
6234
5863
2959
155066
155060
55209
120379
5708
55201
55200
55204
84832
4762
93487
84838
81544
638
493753
149069
389434
6588
7189
253769
10435
64802
11243
10126
221044
9958
55668
342908
51327
51324
51497
51322
5940
5805
55660
117286
64795
56648
56649
207
55840
56647
79993
64798
80700
142937
204851
80705
84324
10783
29103
7812
140606
7203
65220
84283
5935
100101267
5932
3190
51142
51143
51141
51147
51144
154313
57687
144501
85397
85395
414157
226
23204
3572
2098
80149
117177
140460
140465
80142
85465
64978
26276
50484
221
57226
152503
57228
26207
5062
9370
9373
9787
5068
9377
57805
94122
94121
7965
11072
9173
64374
81926
79977
339965
84152
337867
1820
100132979
10758
2146
6258
4978
200132
10750
6252
6257
85007
51477
10534
5746
10538
10539
84458
3276
9718
125058
58157
145957
64744
84289
834
835
7360
6304
84281
8887
27237
84285
23616
10551
54838
255193
84733
54834
128178
54830
54520
58487
84516
2664
25813
58488
7023
7020
7027
7024
113878
7029
3312
5481
5480
7075
157753
10928
1437
9391
51649
9874
1725
6696
9832
3841
10228
415117
54785
54784
85865
162972
132204
28
137492
119369
60
199834
7791
10226
64419
6300
169966
79744
79745
26984
26985
7284
440087
1038
7697
5634
9455
79188
1030
1031
29934
9456
23648
631
729967
284656
30000
114898
23640
23641
8065
23132
786
30008
8061
170392
29959
7481
9452
170394
58513
8266
8260
11069
54927
11060
11063
2896
11065
55773
1106
8661
1457
79368
25828
8666
8667
79364
10188
79363
9871
150383
79415
4085
4088
4089
3860
170626
23475
91949
8409
22827
27023
8403
1896
26511
158399
55072
151531
220108
9818
6418
55074
51008
9814
51005
9817
9810
51002
51001
51552
7775
7773
7770
374354
374355
50848
55621
91544
8812
286075
55211
55216
326625
326624
4798
23479
6737
55336
8318
4792
4793
5836
27111
115948
26468
5832
5830
4155
4924
11252
11276
55236
9929
440023
11277
5991
92703
51317
9925
130827
23270
55850
64781
64782
64783
212
55503
55500
211
55859
79986
55509
55696
55697
166793
100132565
327
6832
55698
11091
6649
51171
26112
283459
26051
6642
5998
10811
5901
25776
25777
56259
5908
56254
56063
150483
55086
7802
7805
78986
57126
3480
57696
57697
57120
57693
128977
139793
286499
90933
3646
25915
3643
200576
285679
2553
117144
26088
8631
64968
26086
6396
53371
116496
26240
64147
140706
26249
10320
4899
5013
80196
10326
2770
2771
199720
200014
9499
94134
25913
9491
9140
9146
3164
342132
5692
11092
80279
79960
79961
401541
441212
1855
1857
53938
2170
90355
9547
9541
9726
9724
112399
9722
9721
11269
9728
9729
1933
51076
10781
5837
1937
1936
3267
5125
5127
84299
24139
22980
22981
7379
843
7159
116039
840
8896
347517
8892
7707
8890
54539
53335
255180
203054
7158
54532
54535
54821
112802
80864
159686
146894
5047
7019
10250
10253
29094
10254
10256
54797
54790
54793
1731
22948
132851
116540
130271
84612
1039
285753
54221
84340
84618
84619
10894
79089
79088
284086
29894
653808
755
29890
759
79085
285622
1032
6884
6882
6883
6880
27316
2957
2950
91392
83746
7168
1026
1021
388389
79778
388387
91151
375341
7165
79175
124995
79177
284403
79171
83988
79173
9630
605
79794
79797
339745
79792
144404
1207
23107
284390
284391
59343
30818
59349
9260
283165
57396
6632
8270
339345
3104
11070
30001
145946
86614
11075
1447
114897
8676
23039
8674
23034
29079
29078
4815
1448
55199
55198
23214
129831
23212
8636
6780
55191
126375
55195
55194
55197
26508
8419
23583
5730
23581
23580
727800
118427
11315
23647
8417
26505
23589
51019
7589
55048
6231
7586
51013
7580
9802
51016
6230
7741
7746
6233
89870
134553
92170
130340
8724
286006
3927
3925
374659
6950
23367
144233
4784
4783
51522
4780
220002
118738
51307
51300
5824
5827
4144
93621
51309
8099
3856
3854
51619
3852
3853
3851
1801
9936
151254
123169
64778
11147
221718
64773
123920
1800
6093
6095
80726
25852
51160
253635
51164
494514
729428
51616
259232
154796
51765
55222
51760
5915
5914
56243
5910
10802
5912
64518
79882
23548
191
190
140807
64689
154043
4552
10107
2543
1454
284486
10458
255631
117159
1455
117157
57596
57595
57594
27306
26258
27300
8664
23326
64173
7265
153527
5001
5000
10336
399670
57573
80184
2762
23005
9852
9482
7307
6271
85021
6273
901
6275
6277
85027
8751
79959
1459
254359
2168
9550
4950
2166
9555
167691
240
113251
54495
64062
4081
91156
64221
3298
7341
10794
10024
10797
79139
10791
7348
10793
222662
1453
22978
9238
22974
22976
391257
54819
84191
254173
54810
54815
81617
112812
80129
147372
3866
29088
7008
10248
10249
9025
140885
29082
10241
9021
7004
29086
9022
148281
157773
22889
22888
8936
84304
8933
158787
22885
8939
196483
79098
29883
744
93649
29887
79092
148254
79090
79096
11180
6919
79095
7174
3067
7170
2949
2948
2947
6898
7178
79768
91419
5355
5354
1054
83755
83795
5350
79760
83759
116835
5359
284418
10906
79169
79165
169166
10900
1278
171484
89
4314
171483
10801
51101
11047
54107
7572
11043
11040
652968
8241
54108
8796
7574
7045
51009
91703
3115
91893
3111
222894
23028
115416
284252
222389
8649
8646
1478
29068
112858
79663
23201
50855
1300
167826
129807
23208
84996
23759
84993
84991
51550
27042
27040
23593
498
9812
150864
5747
496
5725
132158
4223
5584
5585
5583
7597
6472
51571
6470
6477
7592
221472
375133
10208
89866
374403
7753
91369
339047
3939
6201
374666
92815
3937
3183
3932
11275
8330
374393
11270
51684
51686
6717
11278
23371
287015
51375
51377
441273
51379
155054
93145
55454
3840
5690
5691
3845
3846
3849
5699
145282
7857
56181
64769
22795
22797
22796
64762
55521
129401
131377
54902
5307
55608
604
6668
84976
84970
51194
6660
85294
51193
6665
10879
55231
55233
55234
221120
55238
51207
10874
5966
79892
199223
79891
2280
2281
56984
2286
56980
90957
3983
56616
2623
90423
3238
90427
2577
2572
2571
56341
26228
10907
126969
56344
10902
57213
92597
57215
201254
201255
30851
9123
2590
2591
2592
57561
9129
10656
10651
10302
57568
5031
1876
1877
64184
7918
7917
6633
1879
53916
79050
974
973
130026
10629
90390
6285
6286
11314
978
139628
6041
6599
6048
26138
80262
152756
51700
1123
2624
8945
5834
6612
7351
5108
10018
9586
9587
9584
7356
1911
51256
1912
10016
3281
55284
868
4154
133619
56969
118881
149371
2026
163059
84186
84923
340542
10495
10494
163050
10490
883
10152
134701
203523
337960
53347
58191
654346
54663
10475
10474
10477
83692
83695
5213
10472
9051
113802
55679
54487
122786
92840
80314
285733
22899
84365
80210
80318
129303
284069
112752
7728
779
256646
7979
54069
7104
7106
3059
6867
6860
3050
2975
219738
391104
1041
162993
6615
1046
219736
57819
79159
79158
146212
5093
7355
55677
79156
4303
4302
4938
22807
164127
1263
665
664
663
115572
660
11051
11052
9622
91289
55854
29982
30835
30834
10010
64786
196549
153684
56675
527
1469
1468
100131997
114971
1466
8655
83719
84988
5152
8434
1311
8436
79441
8438
84984
84985
79446
9825
6447
9827
6442
51561
6440
6913
4236
23567
4234
1401
6449
5592
84816
5598
160777
257144
730394
414318
25816
151011
570
89891
7726
127428
318
55739
158067
55734
311
158809
3945
11201
51693
51690
11202
4939
51316
257000
130560
266697
28396
9911
342945
51361
10015
51367
51364
4437
51368
10483
65008
65009
10717
5689
7431
7432
407
5685
5684
5687
65003
65005
5682
55888
6386
253980
64753
79669
55554
55885
153657
114757
6671
406
23413
6672
255167
27257
27254
27250
51187
51185
23549
4059
27258
27095
1470
5979
150274
50945
5970
5977
51213
10865
56998
3611
89857
340075
3615
200261
56993
56997
55957
25780
147650
887
25788
116442
6938
337963
253461
140735
285782
162333
2563
862
374879
1615
90410
116840
51776
10912
83593
26232
10817
8428
26231
26236
26234
10919
10318
64400
7920
7297
57559
9138
5025
10643
10640
121268
3728
83594
3726
386684
386682
386681
386680
162427
139341
286514
961
221184
4681
6297
79930
79932
6293
969
440321
56159
26127
128209
81854
26121
152926
2107
6050
80270
2104
10005
10007
5111
5110
1610
84080
5211
54471
7532
54472
130162
9228
57698
124540
114928
23568
54870
79843
3093
50943
874
875
3434
79848
22955
3437
2740
2035
4591
4595
4846
4599
84171
4841
2039
84795
337974
10262
10263
894
23062
203245
337972
80896
164592
92421
79618
5203
10465
129138
5204
10460
54585
9045
9044
23136
79931
142679
387882
114822
388407
285093
80306
256281
54908
8915
84311
84310
84313
84312
54901
353376
80308
84316
123688
23327
2967
54726
11197
11196
11199
91404
767
54058
3049
7116
7115
7114
3040
3045
3047
84897
474344
57820
79140
23321
5375
10289
5376
1072
80317
5373
84557
3805
84221
1674
132954
84229
1671
284618
30827
283152
147007
4336
148932
22893
29993
22890
29994
8463
151647
1418
285672
1410
1411
283551
1413
1414
284276
1417
114569
245934
1327
1329
51510
284297
6455
8687
51517
6456
27065
6908
10467
492303
1917
196441
92129
5565
5567
91582
89797
5562
5563
50808
50809
55083
23177
1522
7733
89884
89885
50804
25801
3958
301
3957
55092
3954
4116
2257
4115
93611
389114
4111
8350
1491
23310
389119
23314
55011
55012
3354
92346
51421
51352
7423
127540
5706
7428
92906
71
56165
117581
10890
6602
6603
6605
6607
10324
4062
10856
84950
10738
27246
27247
4068
6733
51738
5817
5780
5781
10328
219402
51225
51224
140691
125115
64393
66036
63978
3609
3608
63971
245973
79152
25796
7551
25793
158219
26206
7392
130940
57761
896
57763
6117
57132
90407
51645
10922
51647
10920
153643
93474
2353
55152
55898
2355
10124
7286
57018
7936
9454
9107
7289
57547
57541
57542
9453
401508
124460
3735
401507
1891
958
4920
4926
2130
439935
79922
4929
957
956
57162
128239
93986
124220
81846
121536
1967
9145
81669
4800
10072
54469
10078
54461
9218
644903
22943
9094
166979
9217
6613
54860
56946
163071
54865
219348
23594
167555
10486
84167
9694
84163
9690
57381
9075
9073
9070
134728
10290
10293
9674
256309
9670
9672
10105
10459
10106
10101
147746
26284
3550
121457
147744
80332
84309
4778
54918
10586
8905
10606
8907
8906
84307
54910
84305
7415
54734
11185
284040
1791
134359
4176
1794
152007
7128
388695
7126
6843
8623
6846
7120
4171
1069
1068
152816
257062
5300
5303
83786
246269
84545
84547
1665
26019
4077
6590
6591
595
6595
597
599
598
4323
388324
3140
206338
3146
5507
3148
3149
134265
3386
55652
7639
3382
5413
7633
79685
79953
79682
1409
1408
79048
79047
1400
29035
1406
4215
729862
79666
115201
542767
339416
4212
443
10650
440
6844
444
23099
55308
9841
257160
3836
9846
9844
23543
283237
8697
23092
23095
5774
5777
8692
84294
7704
27131
26751
7703
5577
85013
119392
5571
3092
640
1535
1534
644
23149
648
114824
3099
23143
79596
79594
84892
373156
64210
84894
130540
335
336
331
4100
4103
4105
4107
4108
50717
8347
10273
10421
51438
51341
124149
378108
7411
25901
283229
66037
3892
29057
55156
55150
3895
27287
55374
63940
26007
55857
140683
51015
5763
23433
126070
54942
23435
1020
200845
6619
23438
842
10841
84948
7274
51233
389741
54946
84940
3964
51729
65117
92822
1962
5798
63948
64648
93082
63943
3635
1027
153743
3630
7376
148223
55970
2335
81786
130617
22864
1312
90655
57715
164153
6103
55577
51655
51652
27341
10935
27343
27342
348303
10933
56006
57658
9531
64398
6788
54828
56000
9111
9445
9444
9443
64396
9117
79444
1889
3707
29107
80254
5753
85376
949
946
4665
23001
80258
128229
57159
81847
80345
64083
64081
6911
10062
10063
54458
642
9202
2653
128821
137196
10069
9209
9208
22931
7388
22932
22934
114823
81892
22938
7380
7381
79863
138162
125965
80017
79869
79868
54852
56952
54850
10664
4869
125144
2014
3055
2010
2012
55738
9063
10492
10286
10284
10282
9666
353139
353132
10447
10112
54855
10443
146057
3561
84333
7251
84330
22845
22844
22846
147807
26009
10597
162989
80325
23582
27229
8974
54926
8976
80323
6850
54704
705
706
54708
84445
7139
7138
88
27434
11059
493911
27430
81
7135
87
151393
285180
10252
283385
5311
5317
5316
5315
9447
8803
147339
1656
9113
57532
583
580
8204
51257
1984
64395
196513
28793
2832
1635
79698
645455
339448
114904
3399
114908
285987
79696
29844
83640
83648
284058
118471
23555
147660
79673
170082
23558
23089
6929
9878
51538
6925
6924
51535
6926
51533
9873
8115
7711
11157
11151
79581
79583
5542
7718
92105
11159
79589
26748
26749
541468
399761
1500
655
126526
84342
3087
23154
55737
23157
23332
401288
8372
23335
2120
23338
80256
6999
8379
5890
8575
8576
8573
11235
11237
55388
3884
51409
3881
85479
8445
340371
3889
28952
91252
7408
55148
28956
65985
7407
55145
347240
945
284802
752
8778
56144
149950
100288797
26353
155006
23429
6628
6629
6626
6627
145226
23421
84939
8326
92070
4000
84932
4004
4005
4007
541471
51083
55701
55702
92856
50626
329
65123
9899
4283
389799
3623
65258
64651
81792
81790
9912
55968
23210
57624
55964
414301
4715
4716
257218
201299
26100
124808
6137
6135
10948
51661
219988
51667
55565
441521
404550
2958
27350
51668
149420
10946
9205
9473
9470
348174
152573
9474
79901
138716
407738
348487
4477
5176
80221
4908
85302
2169
148581
4675
2483
167153
64098
134288
6133
10313
57639
64090
57634
64093
57144
57146
57147
57456
997
996
199692
9275
5148
1024
9278
5147
5144
369
10053
5143
57459
366
22920
79077
90288
22924
121504
22929
55034
81888
116092
56929
53826
113115
7536
84140
53822
60592
54840
362
56923
91408
4879
4878
254187
10611
57035
6310
140947
10615
10617
10616
80135
10618
2790
2791
125170
2067
203569
9098
9099
5885
55257
203562
119391
256369
122183
57019
5423
10430
9659
10127
10434
10437
10436
347918
54935
124404
170954
60626
22859
23219
200081
5092
84959
5094
9589
9782
4494
54441
54443
80350
2668
2669
6820
6822
54715
54716
84460
84456
84457
112401
1831
10541
10540
10542
91137
3799
91133
112970
1645
81030
1641
1649
54623
8813
84219
79172
56956
378708
11094
578
29948
284338
8078
573
572
29947
29946
577
8742
4034
4956
2800
2801
3162
3161
220965
85019
1073
6175
137392
220963
58473
5439
114932
29785
10667
50619
29781
22950
79065
79642
79640
79647
468
375056
1351
126626
91056
463
6284
92689
23786
5551
5552
9861
283212
4241
80218
58505
58504
11144
11145
11142
58500
91647
196477
55041
196472
374454
4735
1514
1511
170384
91869
130013
5129
8369
8368
23181
5887
5886
23185
389123
84282
23636
23633
9066
80011
11267
3185
55179
55178
585
25924
5876
55170
3188
55353
51388
51389
220082
55633
51382
51444
51699
6631
114792
114793
5878
6637
6636
55281
51701
84929
55285
286887
51706
55286
113791
4012
27291
4010
27297
200734
27295
51090
356
9885
7507
9883
50650
3981
9889
358
153769
65243
64663
60561
3612
56852
11074
10445
4222
55915
55917
55916
399665
78998
78999
255877
153328
78990
78992
84859
9669
64866
64860
10954
83538
8675
3766
5794
389874
7257
55823
1616
3756
80233
80230
6015
2495
4645
148103
2193
7314
81631
80321
5159
988
989
9266
9265
134510
983
10043
10733
5156
7871
22919
22916
7879
22911
84775
94039
4801
2787
2786
4807
79802
59277
400720
9465
9464
2079
26015
57045
10607
9188
9462
152815
57048
2071
80125
51073
196883
6303
4481
10134
90011
10133
54544
10138
54540
54543
26003
64581
7695
9319
10422
10423
79849
9640
9643
10425
5089
826
7276
124935
9610
84688
3500
5082
10469
84680
2671
2670
54432
54925
80342
54438
9798
80347
23199
54971
84661
5733
54763
399947
54765
10556
118426
10554
5332
57862
10550
8412
3215
3216
3217
1983
79101
3219
100137047
116841
8826
8825
27327
84265
2909
2815
55164
54165
2810
285141
8773
84888
8771
29950
134637
116832
54974
3177
118
7083
51138
79072
9015
57050
5427
79078
1180
727
7033
29797
346157
1746
9805
64770
10236
6495
51545
2912
1485
114327
1163
147686
147687
79656
167838
6498
283208
10278
5524
7582
5528
6941
6945
6944
25842
11170
25844
51024
25847
196403
11179
57554
55758
121549
1788
6657
1296
9139
283685
1295
5252
51027
8396
28978
441519
91875
8553
5318
23198
5027
51466
340359
23190
23623
136051
160418
1861
87769
5639
6541
3481
5635
5631
1366
129531
7469
475
25934
3198
25930
353144
28971
28970
