55340
84975
81539
255043
84912
283576
283870
387923
57185
4818
147872
84693
84696
2686
90993
6809
84272
1438
754
169026
203068
84867
84873
286827
63908
7851
57085
6385
118924
84067
6811
6810
79016
10868
1543
55069
1382
3821
3904
64102
140850
219854
6351
286451
84102
9341
163183
254122
2848
10219
2993
10385
23498
23495
91445
729515
8987
27230
140767
10376
10562
116173
3788
56005
89882
344892
1013
8834
6505
23484
23480
132228
51025
23392
4118
254827
6758
51330
56475
56655
5920
7809
80154
9560
931
202459
84522
3308
7037
7039
10613
9570
10857
11126
7780
7781
388633
516
8050
51228
3872
638
389434
6588
253769
56649
84283
51141
57228
26207
9370
9173
9718
145957
54838
58488
157753
10228
132204
28
10226
26984
26985
29934
79415
1896
51001
50848
5832
130827
6649
6642
25777
56063
7805
22980
7379
54539
7019
59343
11070
8674
4815
55194
8417
8724
286006
23367
51522
220002
51300
9936
9482
4950
79139
7348
222662
5355
5354
5350
23208
27040
6472
10208
11270
55454
22797
84976
55238
56616
2572
2571
2590
10651
57568
64184
974
973
6048
6612
10490
134701
7104
6860
2975
219738
665
664
663
56675
1469
6442
6440
6449
51368
10483
65009
7432
79669
150274
961
4595
147007
245934
27065
89885
55092
5780
79152
79922
956
9145
9217
6613
54860
54865
9073
80332
6843
4077
599
4323
3140
3146
79953
1400
440
85013
1534
335
3895
140683
23438
10841
7274
5798
9445
9117
81847
64083
7380
79863
54852
2014
2012
10447
22845
706
54708
151393
51257
114904
23555
65985
56144
51083
4283
51661
79901
4477
80221
134288
57146
369
366
53826
10430
54441
2668
11094
578
3162
92689
23786
58505
1514
8369
55353
55281
84929
51090
9885
78992
5156
4801
57045
4481
64581
826
10469
54432
80342
54765
10550
84888
727
7033
346157
51024
1296
5639
6541
1366
