79979
55296
55760
127703
6158
55900
64708
51603
154075
271
63932
51118
25763
9525
8233
4814
255101
9412
7620
10417
201725
54556
9322
54478
133746
167465
84056
126003
6801
112950
79755
3887
29965
729991
55536
79003
1756
10362
284001
1175
9519
5530
5534
8723
29108
689
685
8382
55114
25949
23295
3831
55333
28986
2332
84173
398
147700
11284
51763
64110
4625
26148
51105
57409
57402
5605
199221
2059
9404
10403
54967
54962
4656
90678
54981
54980
84645
9753
24144
7328
10083
5709
57616
80817
3351
64170
26098
79719
148266
8227
79635
11339
93426
5500
5501
11117
79706
29116
51032
55075
9984
55165
10214
7681
129880
23265
93233
6871
55030
149473
5879
7050
3753
1070
158405
57673
1678
900
25953
164
4839
85457
84106
90060
9618
57096
57097
10363
54970
10762
84654
3225
1974
64745
123722
10142
84936
79027
388272
54751
5510
25894
539
319101
143241
83878
55132
1392
27018
220134
51053
4292
55269
257397
6168
81566
27128
5867
266740
9851
57647
441150
81704
25764
150082
63894
63892
90121
89796
83937
9775
83444
6404
10204
79036
4188
115106
29911
89953
55127
644186
439
4113
3801
117178
5705
27005
55272
81570
220136
286053
51428
4175
6756
6757
84807
56478
653404
4619
80714
90864
25855
140688
84946
25876
3880
153733
9372
51203
140576
83758
254251
199745
8985
1838
3796
80022
54205
133015
90133
9702
146439
84707
1487
5499
1489
1488
143884
1719
1270
440184
112714
27243
29926
29923
8727
8500
4747
2882
338785
14
8187
2959
55209
55200
493753
11243
221044
9958
51322
80705
7203
51147
154313
2098
117177
140460
64978
26276
5068
9377
57805
94122
94121
11072
339965
2146
51477
5746
84289
8887
23616
7020
10928
51649
9874
9832
137492
64419
631
23641
11063
1457
3860
91949
8403
9814
9810
51552
7775
7773
7770
374355
326625
8318
4793
115948
92703
211
55859
79986
55696
166793
100132565
55698
11091
5901
25776
56254
55086
90933
3643
26088
8631
64968
53371
199720
200014
94134
9146
2170
9722
11269
22981
7159
7707
54535
112802
159686
29094
1731
116540
130271
1039
285753
84619
285622
6883
375341
605
79794
79797
144404
8270
339345
11075
8676
29079
23214
55191
23647
6231
6230
89870
92170
130340
374659
6950
4780
5827
51309
3856
3852
3851
11147
154796
140807
154043
26258
57573
167691
3298
10024
1453
54815
3866
29088
140885
157773
22885
79092
7170
79768
79165
171484
11040
222389
84993
496
339047
374666
11278
51375
5690
3849
145282
56181
51193
51207
2281
3983
10902
92597
57215
201255
10302
6633
53916
130026
6286
55284
149371
2026
10472
80314
84365
80318
7979
1041
29982
10010
64786
79441
9827
4236
1401
127428
318
158067
311
10015
4437
7431
407
65003
64753
55885
153657
27250
340075
56997
55957
285782
10919
10318
7297
10640
6293
440321
56159
26127
84080
114928
3434
3437
4591
203245
164592
142679
84310
7116
7115
3040
84897
5375
84557
132954
148932
22890
114569
51510
6455
8687
6456
89797
23177
4115
4111
389119
127540
7428
10890
6602
6605
140691
125115
3608
7551
130940
57761
896
10920
153643
57018
9094
163071
219348
23594
167555
84167
9670
26284
3550
121457
8905
8907
134359
8623
4171
1068
152816
206338
5507
79682
729862
339416
444
23099
55308
5577
119392
23143
4100
4103
4105
8347
51438
124149
29057
55156
55150
51015
6619
84948
84940
63948
93082
153743
7376
6103
27341
27342
57658
9111
9443
80254
4665
10062
10063
2653
9208
22931
22932
114823
81892
7381
2010
7251
22844
162989
23582
80323
54704
705
7138
7135
645455
29844
23558
6924
92105
541468
23332
8379
3881
28952
55148
55145
945
284802
752
149950
23421
55701
9912
6137
55565
404550
10946
2483
57639
57634
57144
199692
9275
5144
84140
60592
91408
254187
140947
10615
10616
2790
2067
256369
9659
124404
200081
9589
4494
1831
10540
3799
91133
2800
220965
85019
6175
137392
220963
29781
79642
79640
468
463
5551
58504
374454
23636
23633
585
25924
220082
65243
60561
56852
11074
10445
55917
399665
78998
84859
80233
80321
9266
9265
10733
84775
2786
9462
2071
10133
7276
5082
84680
80347
10556
79101
2909
8773
134637
116832
118
7083
51138
57050
167838
5524
7582
5528
6944
9139
283685
129531
25934
28970
