378465
51264
5987
5984
5985
506
51282
4733
6799
4830
55585
293
348110
23368
26151
222546
80204
9255
9522
57473
56904
57189
6373
6887
343263
2735
54550
122769
9631
387856
138046
54955
340706
122060
54776
9747
10567
9743
8837
116225
151636
83851
29761
4250
4253
8767
7185
7186
3433
30014
130502
51473
8548
8542
7456
7454
55118
23125
65080
5997
84904
51274
379
373
55246
396
81502
23424
64112
2275
80742
51334
5859
51100
63904
9240
57403
9533
26580
4828
9047
7984
200558
10623
54956
64333
7216
84063
6818
6812
9750
57176
58190
10087
7329
118812
83461
493829
2997
54906
7064
5892
5090
79637
81628
112744
170685
25959
23281
1386
5715
55324
65987
65986
4281
7767
51043
7531
9521
387
389
431707
122961
6774
6776
6772
10982
27158
96626
64105
259
10054
63915
9502
79839
166
163
80174
26040
9349
9189
84078
7205
51562
54997
4953
10589
8859
808
1102
22806
54754
5778
51082
54552
114990
6990
79733
2992
115265
1398
8452
23254
23387
55266
55793
81569
6769
5864
60490
60491
55863
11316
339834
8131
10174
1809
1808
10773
9513
80019
80013
83445
8861
57684
9020
10093
10206
25804
343035
10193
553115
129049
252884
653121
79720
526
29916
1019
8738
8737
256302
26073
55120
6500
115290
729603
8468
4670
158297
55274
56474
116349
55872
7391
159195
57655
4507
64946
2534
57325
5078
56896
10687
10521
83942
84525
55795
9019
5493
112464
8798
79753
160140
163154
7143
147525
89927
8503
2885
11017
11105
114088
11338
9093
8470
4762
7189
51324
55840
56647
64798
204851
10783
5932
3190
23204
50484
5062
7965
337867
10758
835
6304
119369
79745
9455
1030
23648
729967
11069
8667
9871
4088
170626
55072
220108
51008
91544
55211
4798
55336
26468
4155
5991
51317
23270
64783
55509
6832
51171
5998
10811
150483
78986
2553
10320
9140
80279
1855
90355
9547
9726
9729
843
53335
255180
10254
54793
84340
79088
284086
755
29890
6884
91392
83746
1026
79778
7165
79177
23107
55199
55198
129831
8419
7586
51016
8099
6093
25852
729428
51616
55222
5914
5910
64518
79882
4552
10107
117157
27300
7265
5001
5000
10336
7307
6271
6273
901
6275
85027
79959
54495
7341
391257
54810
112812
147372
10241
9021
9022
84304
29887
79090
79096
7174
91419
1054
169166
89
10801
11047
7572
11043
8241
3115
91893
8649
112858
79663
167826
23759
498
9812
7597
51571
3183
3932
287015
51377
441273
64769
22796
64762
55521
129401
604
6660
55234
3238
2577
10907
126969
57561
10656
1879
79050
6285
6041
80262
51256
1912
868
4154
84186
340542
10152
203523
113802
285733
22899
112752
256646
54069
1046
219736
57819
79158
146212
79156
22807
115572
660
11052
55854
30834
8655
84988
84985
5592
84816
160777
89891
7726
55734
158809
11201
266697
9911
51361
51367
10717
5689
5682
253980
6672
255167
27095
25788
6938
862
1615
26232
26234
64400
9138
121268
3726
139341
81854
152926
5111
5110
130162
54870
875
4841
10263
894
10465
5204
23136
114822
388407
80306
8915
84311
54901
123688
11196
54058
7114
57820
23321
5376
80317
84221
1674
84229
283152
29994
1418
1329
284297
51517
1917
5563
55083
89884
25801
2257
93611
389114
55012
117581
27247
6733
10328
51225
63978
7392
6117
57132
51645
10922
2353
55152
2355
7286
7936
9454
57547
57541
57542
3735
401507
958
4926
2130
1967
9218
644903
56946
9694
84163
10293
256309
10106
84309
10606
8906
84307
84305
7128
7126
7120
1069
83786
84545
6591
595
5413
1408
1406
79666
9846
9844
8697
5777
26751
7703
640
114824
79594
331
4107
25901
23433
1020
842
51729
92822
1962
64648
63943
1027
3630
90655
51655
51652
10935
56006
54828
64396
79444
29107
85376
946
80258
57159
9209
22934
138162
79869
10112
10443
84333
26009
10597
80325
8974
6850
84445
88
27434
87
147339
64395
79698
339448
3399
79696
83640
83648
6929
6925
51535
6926
79581
26748
26749
23154
23157
23338
80256
3884
51409
8445
7408
28956
7407
347240
155006
4004
4005
92856
329
389799
65258
64651
57624
201299
26100
149420
9205
9470
85302
64090
9278
10053
90288
22929
56929
10617
5885
5423
54935
9782
2669
84460
84456
91137
112970
1649
54623
29948
573
8742
4956
3161
58473
5439
114932
50619
22950
375056
126626
6284
91647
4735
8368
23181
5887
5886
80011
3185
55178
51388
51389
5878
6637
4010
27297
200734
27295
50650
64663
4222
64866
7257
2193
81631
5159
22919
22916
9464
2079
80125
51073
196883
90011
10138
26003
5089
9610
2671
54925
3215
55164
54165
6495
51545
147687
79656
6498
10278
6945
25842
25847
11179
121549
6657
23198
51466
5631
28971
