55616
27284
26578
6157
2316
2313
221786
10036
140890
136895
51110
441362
2512
10635
22872
54957
822
283899
1994
1198
1196
79622
7414
91661
7188
8545
343472
22954
7690
65083
23276
144347
50674
51072
65264
65263
284904
161829
2274
10807
159163
80212
56911
2051
53346
202559
10399
9295
1977
84069
10712
84062
1602
6817
3306
23334
160065
5441
29775
699
11116
29974
79707
23609
126382
127255
10212
65981
8440
55742
64857
5877
5874
51564
55810
2516
9184
84656
1979
1978
3221
10180
5272
79026
83638
138311
8637
51329
29907
55845
132789
8520
79607
55848
51582
129868
84817
27129
60493
60496
55860
57642
285381
5058
5602
113451
3251
83448
203228
10190
25885
127829
8934
9039
8045
4354
25977
79616
3613
11340
6432
92610
91522
440603
83659
158427
9363
56895
85403
56891
10742
3091
252969
9703
7319
387032
8424
637
23658
6539
26525
55068
120379
81544
51497
5805
55660
56648
79993
84324
65220
5935
51143
6252
58157
84285
128178
3312
5481
1725
3841
162972
6300
79188
1031
23132
11065
8661
79368
4085
22827
151531
6418
51002
55216
5836
5830
4924
283459
7802
57697
3646
6396
116496
441212
112399
1933
51076
1937
1936
3267
84299
24139
840
347517
8892
8890
10250
132851
29894
27316
124995
339745
1207
59349
6632
1447
51013
4144
253635
5912
8664
23326
9852
85021
6277
254359
2168
9555
240
64062
4081
10797
22978
81617
29086
22889
196483
10900
3111
115416
5725
6477
221472
89866
91369
3939
11275
374393
51686
51379
3840
5691
131377
54902
5966
199223
79891
56980
90427
56344
201254
1123
5834
9584
7356
1911
10495
53347
10475
5213
9051
92840
80210
779
5093
4303
4938
196549
1466
8436
84984
5598
25816
151011
3945
51693
4939
6386
114757
406
27257
4059
27258
5970
3611
10912
3728
221184
79932
6050
10005
57698
3093
874
4599
54585
9045
387882
256281
84313
80308
54726
10289
8463
285672
1327
3957
23310
7423
5706
84950
5781
219402
64393
93986
81669
54469
10459
11185
1791
26019
6595
598
3149
134265
1409
23095
3092
378108
26007
54946
148223
55970
81786
55577
5753
128229
7388
56952
10284
146057
22846
8976
27430
1984
1635
23089
51538
11157
11159
6999
8575
11237
91252
100288797
26353
6626
6627
4007
50626
3623
55964
414301
257218
124808
441521
5176
64098
10313
997
79077
22924
121504
55034
81888
57035
9098
60626
5094
6820
6822
10541
81030
8813
572
577
11144
170384
23185
9066
3188
51444
114792
4012
3612
3766
389874
3756
2495
989
983
79802
400720
26015
6303
54543
10423
79849
10425
118426
5332
3216
3217
285141
54974
9015
5427
10236
114327
1163
196403
441519
7469
