55611
51265
55906
160419
273
4688
81629
53358
11266
801
9632
84690
9939
10569
3200
4833
84271
4259
5533
89765
58526
79718
57727
8502
8543
55110
339324
402
55629
84905
28988
55022
892
55802
117245
219844
56915
80108
7988
53615
10574
10576
9759
7321
7323
10084
8848
7031
7067
54900
79632
29115
51440
11020
7447
5612
51222
28227
23468
65983
4282
55749
10482
84809
2792
27156
116328
57674
81608
902
140851
9501
64927
79810
9616
5296
9181
1810
10769
805
285172
84934
202051
79025
727751
11108
23075
29127
339231
23673
8522
11033
55138
144165
6427
284992
4998
81565
84811
27125
27124
5862
80764
4600
57649
56204
27238
57333
57332
22828
63898
83446
810
146849
10094
149483
159989
4355
55093
435
65056
5702
6895
253827
998
26061
80153
84260
3795
80028
10529
825
85359
83541
23503
29922
79571
79577
23650
4342
388701
3875
7566
155060
84832
10435
64802
207
51142
85397
85395
80142
152503
9787
79977
10534
84458
3276
25813
7023
113878
54785
85865
60
7791
8065
29959
58513
54927
1106
8666
4089
23479
9925
327
26051
26086
26240
26249
9499
25913
342132
79960
401541
53938
9724
5837
54821
5047
22948
84612
84618
7168
23034
55195
51019
3927
144233
4783
3854
51619
3853
151254
6095
80726
51160
51164
51765
56243
23548
57596
153527
80184
2762
9550
10794
22974
80129
10248
7004
148281
8936
158787
6919
79095
3067
2949
2948
2947
79169
51101
652968
8796
23028
50855
84991
51550
27042
132158
5584
5585
3937
55231
221120
79892
90423
56341
7918
51700
5108
10494
10474
83695
122786
3059
6867
11051
8438
9825
23567
5685
23413
10865
116442
162333
90410
116840
51776
8428
7920
57559
83594
26121
7532
23568
79848
4846
2039
80896
285093
84312
11199
1072
22893
6908
196441
5562
50804
3958
4116
1491
51421
71
245973
57763
10124
9107
128239
10078
166979
10486
9690
10290
10586
54734
4176
388695
1665
3382
79048
115201
257160
283237
23092
7704
23149
648
79596
84894
10421
283229
3964
65117
348303
10933
64398
56000
3707
642
22938
125965
9063
10492
10286
84330
147807
27229
7139
283385
1656
9113
580
8204
196513
285987
284058
170082
51533
8115
11151
399761
84342
23335
2120
8573
11235
55388
340371
23429
6628
6629
84932
55702
23210
219988
51668
138716
148581
1024
5147
57459
113115
9099
10434
170954
23219
54443
1641
79172
56956
2801
1073
58500
5129
84282
11267
55633
51382
6631
55285
286887
55286
7507
153769
55916
255877
78990
83538
1616
80230
6015
4645
148103
988
22911
2787
4807
54540
9643
2670
23199
57862
1983
3219
116841
8825
6941
11170
55758
1788
5318
87769
