55342
220164
128872
4739
80208
54845
9529
148413
200523
137886
54954
84058
148523
84279
92345
5451
8540
3838
7525
51778
2303
84872
2271
9247
9246
26039
9337
1600
10570
2874
23564
694
91694
51447
51596
96597
150572
9503
9500
79833
5292
10766
112597
83637
54758
5515
284680
5604
11034
11030
284194
730441
23493
55796
10994
146664
7832
8862
54502
57523
816
817
84536
84532
9477
5187
54033
342666
83714
4194
163590
4350
284185
55015
63920
91526
4174
93100
9949
201181
4149
90268
10342
22836
337879
84528
58498
58493
5257
11129
7148
79754
29924
23126
6760
8615
55466
197335
11334
15
27033
155066
93487
149069
142937
57687
10750
85007
64744
834
84281
27237
255193
54834
84516
7075
54784
169966
284656
30000
30008
11060
79364
150383
374354
8812
4792
212
55697
128977
200576
140706
4899
10326
9541
54532
54797
1032
2957
1021
9260
86614
23039
1448
26508
23583
55048
9802
6233
134553
3925
118738
64778
221718
10802
64689
8751
113251
22976
254173
8939
29883
79760
23201
129807
23593
150864
5747
5583
3845
5307
6668
84970
51194
6665
57213
139628
26138
10016
654346
284069
391104
1263
30835
83719
6913
51316
6671
51185
50945
147650
337963
6297
79930
54472
50943
337974
337972
92421
84316
23327
91404
3805
1410
1411
1413
1414
284276
1417
92129
301
8350
55011
92906
27246
3609
26206
4920
4929
81846
4800
10105
284040
246269
388324
3148
7639
4212
23543
1535
50717
66037
27287
57715
9531
9444
6911
125144
54855
11059
493911
5316
583
9878
8372
145226
541471
9899
2958
348487
167153
57456
5148
6310
122183
80350
54715
112401
8078
29946
91056
80218
55041
389123
9883
10043
10422
84688
54971
8412
100137047
8826
9805
5252
51027
91875
8553
23623
160418
3481
