55619
55768
51060
150771
9413
57506
10411
54557
23059
64328
6150
11167
51271
55757
51297
6782
63905
9767
10391
84968
2878
54431
29979
441518
23283
55326
65988
170261
6770
2202
6354
4832
84105
3535
3537
5054
7335
3589
5479
5276
79024
26071
5511
2994
29906
155465
51631
2212
317762
30848
80169
6184
162681
9516
80012
10513
9770
813
10202
414927
79723
4110
8462
6431
57326
28815
7316
121506
252983
8504
23127
5669
11332
8473
221421
51035
55201
51144
3572
85465
64374
10551
54830
5480
114898
9818
55621
11276
55500
5908
57126
3480
80196
54790
79089
653808
79085
6882
79175
30818
30001
23212
727800
5824
1800
191
284486
255631
117159
8933
10906
1278
1478
1300
375133
51684
55608
10879
2286
2591
8945
10018
118881
83692
6447
51561
257144
83593
4681
10007
54471
22955
84795
5203
1671
151647
5567
50808
51738
124220
147746
4778
27131
3099
7411
55374
23435
2335
130617
9202
10664
54926
9447
28793
114908
118471
5542
79589
4715
152573
2169
4675
53822
54840
4878
125170
203562
84219
5552
9861
283212
11145
130013
114793
51706
113791
55915
64860
7314
10607
9798
3177
79078
64770
2912
1485
23190
