28990
196074
7518
64284
10969
56122
253558
51112
219899
2444
90799
84126
84124
3441
51067
51460
284312
5535
2208
126282
7171
339210
79716
23554
91687
7458
89853
409
408
3839
55624
51277
378
65265
150165
729533
159162
11016
53340
10573
7325
23762
55147
26097
29777
8712
8715
23604
23288
410
5713
5711
55039
51042
55251
25911
64853
64859
161582
4638
80774
83733
4835
140459
9342
10361
10360
138065
54998
1153
342667
80110
84259
10785
132321
10213
5478
5270
91746
11100
29903
5601
23705
7541
55007
55006
55005
10992
55646
146395
51127
5937
6342
51148
9604
163081
246329
1806
57730
3338
80832
10197
5264
9108
55182
8607
115584
55722
163882
151194
9600
5701
92181
39
60314
51074
55658
56477
56658
230
5929
141
283987
130951
2625
9360
60686
10921
138428
84708
7448
56925
8161
112869
2068
7141
2886
8618
283768
23236
92359
282991
55204
5940
117286
80700
29103
7812
226
140465
57226
9373
84152
10538
2664
7024
9391
7284
440087
170394
25828
79363
51005
6737
27111
55236
26112
57120
139793
286499
9491
5692
79961
5127
116039
759
79171
79792
283165
114897
8636
55197
23580
11315
4784
51307
93621
1801
123169
123920
51760
10458
57595
57594
399670
64221
10791
9238
54819
84191
7008
9025
29082
22888
744
93649
11180
7178
83759
171483
54107
54108
7045
222894
284252
29068
84996
6470
7592
6201
6717
7857
55233
2280
30851
9123
9129
7917
978
152756
9587
84923
883
10477
527
4234
730394
51690
257000
28396
65008
5684
5687
65005
51187
23549
5977
89857
3615
286514
128209
2035
84171
10262
23062
79618
10460
54908
2967
767
79140
284618
3954
92346
56165
6607
10856
10738
51224
66036
25793
51647
9453
124460
1891
439935
57162
121536
9070
134728
54918
7415
257062
5303
6590
597
79685
29035
542767
10650
6844
5774
644
373156
64210
10273
51341
5763
54942
200845
6788
23001
64081
54458
80017
54850
4869
10282
9666
285180
5315
8803
9873
1500
5890
85479
8778
92070
65123
81790
55968
4716
10948
51667
27350
6133
5143
116092
347918
22859
5092
1645
378708
29947
79647
1351
91869
6636
3981
9669
7871
9465
9188
9319
3500
84661
54763
27327
84265
2810
29950
79072
1180
57554
8396
28978
475
