5984
138046
51460
55536
8542
126868
65265
81502
2059
7328
5892
29777
55109
65986
122961
63915
163
10762
727751
54552
51329
29127
23254
6769
57649
9775
10193
6839
55120
8468
6895
84946
9360
60686
80022
10521
8161
2068
1719
283768
51147
79745
9455
220108
64783
6832
286499
159686
84619
29890
55191
6230
93621
7265
79096
11180
6919
7174
169166
11040
3115
3932
11278
10907
80262
51256
122786
23567
730394
84310
54901
2967
80317
89797
2257
10890
7392
8907
1665
8697
5774
79596
283229
92822
1962
10933
54828
125965
9666
26009
162989
705
84445
7139
170082
79581
23335
51409
8445
55145
284802
23210
55565
5423
1645
23633
51388
7257
22916
9643
134637
57050
25847
