160419
273
4688
84690
3200
4259
5533
8502
892
117245
219844
53615
10084
79632
29115
11020
55749
2792
81608
902
9616
5296
1810
285172
84934
11108
339231
11033
284992
4998
84811
27125
5862
27238
57333
22828
83446
10094
149483
4355
253827
998
79577
3875
155060
207
85397
85395
152503
9787
84458
7023
85865
8065
8666
26051
26086
26240
342132
79960
401541
84612
7168
23034
6095
51164
51765
56243
23548
57596
9550
22974
80129
158787
79169
8796
23028
50855
84991
5584
3937
221120
90423
7918
51700
5108
10494
83695
11051
9825
5685
116442
8428
79848
4846
2039
6908
50804
3958
4116
245973
10124
9690
54734
388695
79048
257160
283237
26751
84894
348303
64398
3707
9063
84330
8204
285987
8115
11151
11235
55388
84932
55702
219988
51668
148581
1024
5147
113115
10434
23219
2801
84282
11267
51382
55286
153769
1616
988
22911
4807
54540
2670
23199
57862
3219
116841
8825
6941
1788
87769
