55342
220164
148413
200523
84058
5451
51778
84872
9247
10570
9500
284680
11030
23493
146664
8862
54502
57523
816
84536
5187
163590
284185
4174
9949
201181
10342
22836
337879
84528
58493
5257
23126
197335
11334
15
27033
155066
142937
57687
10750
64744
27237
255193
84516
169966
30000
79364
150383
128977
140706
1032
2957
1448
26508
8751
113251
8939
129807
3845
5307
84970
51194
6665
26138
654346
391104
1263
83719
51316
51185
50945
337963
79930
50943
337974
337972
84316
3805
1411
1414
284276
1417
55011
92906
3609
4920
4929
81846
4800
388324
23543
1535
50717
66037
27287
57715
9444
6911
125144
54855
583
145226
9899
2958
167153
5148
122183
54715
112401
80218
55041
9883
84688
91875
8553
23623
3481
