28990
7518
64284
10969
90799
51067
284312
2208
339210
91687
378
11016
26097
8712
8715
23604
4638
83733
140459
9342
138065
54998
80110
5270
29903
55006
55005
55646
51148
163081
1806
57730
3338
5264
55182
60314
283987
138428
7448
7141
8618
282991
29103
7812
57226
10538
7284
27111
57120
139793
79961
23580
11315
399670
9238
93649
171483
54108
7045
222894
84996
7592
55233
30851
9123
9129
7917
65008
65005
51187
6607
124460
1891
439935
54918
6590
597
29035
373156
5763
6788
10282
8803
9873
5890
4716
10948
6133
578
29947
79647
3981
7871
2810
79072
1180
