53358
9632
54478
10569
84271
8543
339324
28988
80108
7988
9759
57616
5500
5612
10482
57674
84106
90060
10769
64745
202051
79027
79025
23075
55138
6427
81566
27128
56204
57332
63898
116349
84260
3795
80028
9702
84707
143884
85359
83541
79571
23650
4342
7566
84832
79977
25813
54785
58513
54927
23479
9925
8631
53938
9724
54821
55195
144233
4780
118738
3854
3852
3853
151254
123920
153527
10024
140885
7004
148281
55231
3059
6867
10865
55957
116840
51776
7532
285093
196441
51352
57763
166979
10586
5507
7704
10421
153743
22938
10286
9113
580
79696
284058
399761
8573
23429
6628
57639
57459
254187
9099
1641
56956
5129
55633
55285
286887
78990
83538
80230
6015
9266
2787
11170
55758
