55760
51603
63932
25763
201725
133746
6801
29965
729991
10362
1175
3433
28986
2332
398
147700
11284
4625
9404
10403
54967
54962
24144
5709
80817
26098
79719
11339
93426
5501
55165
129880
1070
57673
54970
3225
123722
220134
257397
5867
9851
150082
63894
6404
79036
55127
4175
80714
3880
9372
199745
146439
8500
4747
2959
55200
80705
7203
2098
140460
26276
11072
2146
9832
64419
326625
8318
4793
115948
55696
22981
7159
130271
1039
8419
89870
130340
374659
51309
1453
51193
10902
92597
57215
201255
6286
80314
84365
256646
7979
1041
10010
64786
318
10015
407
64753
10318
6293
56159
4591
80306
84897
84557
132954
57761
896
153643
23594
167555
84167
9670
26284
121457
134359
4171
1068
79682
729862
23099
8347
29057
51015
27341
57658
80254
10063
9208
80323
29844
541468
23332
55701
84140
10615
9589
3799
91133
2800
468
220082
167838
