79979
127703
64708
9525
9412
54556
9322
79003
1756
29108
689
8382
55114
23295
55333
90678
79635
11117
9984
23265
93233
149473
84809
3753
10363
84654
84936
5510
143241
83878
27018
25764
63892
10204
115106
159989
644186
55272
286053
140576
112714
11243
57805
339965
5746
23616
10928
51649
631
51552
374355
92703
100132565
5901
56254
26088
53371
94134
2170
54535
29094
375341
11075
29079
23214
23647
51019
11147
154043
26258
80184
167691
8936
79095
7170
171484
374666
10302
53916
130026
55284
2026
29982
79441
285782
90410
10640
26127
3434
3437
51510
23177
6602
6605
130940
10920
219348
206338
84940
9111
9443
2653
22932
7251
645455
92105
8379
28952
55148
752
23421
9912
91408
2067
256369
200081
10540
29781
23636
25924
10445
55917
9265
2786
9462
10556
118
51138
5528
129531
