5987
506
4739
348110
801
116225
51072
2303
80212
9533
7984
10623
1977
84069
55147
54900
127255
55324
55742
2516
1979
3221
805
51082
8637
132789
27124
5058
7832
10174
83448
810
10190
8934
9039
8045
3613
26061
57325
10529
252969
163154
5708
5062
5481
79368
51002
4792
55850
57697
9729
3267
84340
4144
80726
8664
64062
29086
29883
498
5725
51379
5691
64762
1123
5093
4938
1466
84985
6913
5689
253980
3611
57559
221184
114822
84313
51517
57132
7936
9107
128239
644903
10459
7120
9846
51652
9209
10112
27430
80256
6629
6626
6627
55034
10617
5094
573
5439
375056
91647
7507
50650
3612
134510
8412
5427
25930
