196074
253558
219899
84126
3441
7171
7458
89853
409
408
55624
150165
53346
53340
23762
410
65981
55039
51042
25911
64853
1153
342667
84259
10785
5478
5601
55007
146395
51127
5602
6342
80832
9108
8607
163882
151194
92181
39
56658
230
130951
84708
56925
112869
23658
2886
55204
5940
5805
80700
226
140465
2664
440087
51005
5830
284403
114897
8636
10458
6277
64221
7178
6470
3939
7857
4234
3945
23549
5977
286514
84171
23062
9045
767
79140
5373
10856
10738
66036
9453
257062
443
644
64081
54458
54850
285180
5315
27350
5092
6636
400720
54543
9319
27327
28978
475
