84914
26575
4736
84866
51608
293
390535
9522
8940
98
9747
146279
7678
79005
29763
79058
58524
11163
55118
55337
154865
55022
51296
10971
9248
172
9402
653240
83595
140258
5757
85293
1819
7337
29124
55663
79734
84292
81567
9975
80764
85280
85287
139212
60672
252884
64976
11007
11341
23390
130557
81576
80153
386672
386678
10743
10524
353145
353141
26002
147525
29925
4184
7568
84838
10539
7360
58487
137492
199834
10188
26511
55074
9817
9929
440023
64782
55503
117144
64147
10253
10256
285622
6780
10107
23005
112812
6898
8646
287015
56984
2624
9586
133619
163050
6615
22807
55854
114971
9827
570
342945
55888
10817
2107
1610
79843
9044
11199
22893
89884
4068
63971
401508
10072
54461
1794
5300
7633
4215
9841
84294
130540
336
126070
51233
29107
80345
79868
353132
10597
81
10252
1656
196513
84342
8576
22920
56923
10436
84959
2669
55179
55170
51389
358
255877
153328
57048
9640
5089
5733
2815
147687
340359
3198
