378465
51264
6799
55585
80204
9255
343263
6208
51473
2275
9047
64333
10397
7216
6818
2997
6774
6772
10982
64105
259
80174
51562
54997
10589
1102
6990
79733
2992
1398
60491
55863
8861
6500
115290
4670
158297
55872
4507
64946
9019
112464
204851
7965
119369
6737
55336
26468
5991
55509
9726
8892
8890
6880
6093
51616
5910
79882
5001
54495
22976
1054
54107
7572
8649
51571
441273
55234
126969
10629
340542
112752
54069
1046
660
30834
5592
55734
28396
51361
1615
26232
26234
64400
5110
130162
10263
10465
84229
25801
93611
7286
3735
56946
10293
8906
5777
4107
51729
138162
10443
8974
6850
28956
4005
201299
90288
5885
54935
91137
112970
1649
8742
58473
91056
55178
6637
4010
22919
90011
3500
