26152
56935
57474
57188
4814
9328
3887
9519
23500
3693
83606
148266
8227
51032
55075
765
65980
55030
441208
94005
8851
317671
3329
9112
285205
375307
60370
5866
90874
4601
90589
441150
57335
7301
5705
27005
93100
6757
84807
57787
128439
25876
153733
5928
90594
54205
1270
27243
6760
7490
7564
55080
55209
149069
221044
414157
117177
64978
221
9377
4978
125058
54520
7075
7697
23475
8409
27023
7773
51317
79986
57693
285679
2771
199720
10781
112802
91151
79173
284391
8270
126375
7589
92170
5827
3856
3851
140807
54815
157773
79098
116835
7574
7753
3849
56969
53347
55679
3050
164127
9622
91289
1468
100131997
340075
253461
7297
9228
79931
3049
3040
3045
148932
283551
1522
23314
125115
25796
957
23143
55150
389741
3635
1312
137196
10069
3055
5311
79673
79583
7718
945
149950
6135
348174
2483
57147
996
60592
362
4879
10611
4034
85019
79640
463
196477
196472
356
65243
84859
94039
5082
54438
399947
29797
283685
1295
