128872
54954
340706
7525
23424
2271
51105
199221
9337
10573
7064
694
5715
51596
431707
96597
9503
79833
5292
10766
112597
83637
54751
54758
5604
730441
10994
83445
9020
817
342666
83714
55015
7391
4149
58498
7148
55466
23236
84281
54834
284656
91949
51008
374354
212
2553
4899
9541
6883
7586
64778
57573
79959
7008
79092
79760
91893
1300
150864
5583
6668
113802
79156
55885
147650
6297
92421
388407
8915
1413
55083
8350
958
10105
246269
7639
5577
23001
9878
541471
348487
57456
347918
84456
80011
27297
9465
10138
54971
