27284
26578
6157
2313
140890
51110
51112
2512
10635
822
283899
1994
1198
1196
7414
5535
7188
79716
23554
8545
22954
65083
23276
51277
65263
10807
202559
9295
10712
84062
1602
6817
3306
699
5711
64859
9184
84078
10180
5272
55845
79607
55848
129868
5937
127829
9600
6432
92610
5701
440603
141
83659
9363
85403
7319
55068
51497
55660
79993
65220
84152
6252
84285
7024
3312
3841
6300
79188
11065
4085
22827
151531
6418
55216
5836
283459
7802
3646
6396
441212
1933
51076
1937
1936
10250
132851
759
339745
79792
1801
253635
10336
9555
4081
22978
54819
81617
22889
10900
115416
6477
89866
91369
6201
3183
11275
374393
3840
79891
5834
7356
1911
10475
5213
9051
92840
80210
196549
5598
25816
158809
4939
6386
4059
89857
79932
6050
874
2035
4599
10289
8463
285672
1327
3957
23310
5706
56165
84950
219402
51224
64393
401507
93986
81669
54469
163071
134728
26019
6595
3149
23095
7703
26007
200845
81786
128229
7388
8976
1635
51538
11157
1500
6999
8575
11237
85479
4007
50626
65123
3623
124808
51661
441521
997
79077
22924
121504
81888
57035
60626
6820
6822
10541
8813
577
11144
9066
3188
9669
64866
3766
389874
10423
118426
3216
3217
84265
285141
54974
9015
441519
7469
