55616
2316
10036
54845
136895
441362
22872
54957
91661
343472
7690
144347
50674
65264
284904
161829
56911
23334
160065
5441
11116
29974
79707
126382
10212
64857
5877
5874
51564
55810
1978
79026
83638
138311
8520
51582
84817
27129
55860
57642
285381
113451
203228
25885
25977
11340
91522
158427
56895
3091
9703
637
6539
26525
120379
56648
84324
51143
58157
1725
162972
1031
8661
4924
25915
116496
112399
84299
24139
840
347517
29894
124995
1447
29078
51013
85021
254359
2168
240
10797
3111
51686
131377
54902
5966
199223
56980
90427
56344
201254
779
4303
8436
84984
151011
51693
406
5970
10912
3728
10005
3093
387882
80308
54726
92129
1791
598
134265
3092
378108
54946
148223
55970
55577
5753
22846
1984
11159
91252
6310
9098
572
170384
51444
114792
4012
989
79802
26015
6303
79849
10425
5332
114327
196403
