84975
81539
283870
387923
147872
84696
84272
1438
7851
6811
55069
1382
6351
84102
163183
10219
8987
140767
10562
3788
344892
23484
23480
51330
56475
7809
9560
931
202459
84522
10613
7780
638
6588
56649
9370
9718
145957
157753
132204
26984
79415
130827
7379
54539
11070
8674
23367
51522
51300
9936
4950
7348
222662
5355
55454
2590
10651
64184
973
134701
7104
219738
664
663
56675
6440
79669
961
147007
245934
27065
89885
79152
956
9145
9073
6843
4323
3140
79953
9445
9117
54852
54708
51257
23555
4283
366
3162
55281
5156
4481
51024
5639
6541
1366
