28999
5985
222546
2735
9631
9743
4250
7456
65080
51334
5859
57176
81628
25959
51043
150572
166
4835
114990
9477
79720
55274
2534
133015
83942
11017
11338
8470
5932
3190
29959
8667
4088
55072
91544
8812
4798
10811
9140
53335
54797
83746
79177
7746
57594
7307
84304
11047
8241
167826
9812
1879
9587
4154
10152
84988
7726
10717
875
4841
57820
5565
5562
5563
6733
10922
2353
55152
10606
84307
1406
5571
51341
79444
85376
79869
6926
23154
3884
340371
7408
347240
92856
116092
9782
378708
3185
6495
6498
10278
6945
11179
57554
