10898
7516
54880
89765
23279
130872
51292
60343
57116
84064
326343
283461
51447
10214
7681
5713
4637
2519
26047
283150
10768
10213
5518
25898
2773
6138
7040
440193
11135
27004
5700
3082
55273
389541
124790
259240
9362
8874
56924
8721
7189
342908
64795
100101267
144501
80149
100132979
6258
200132
6257
7020
1437
6696
170392
9452
8266
158399
11252
56259
64968
10326
2770
9728
7158
388389
83988
23581
134553
259232
5915
190
2543
64173
91156
4314
4223
5699
54663
54487
153684
27254
25780
140735
10643
386684
2104
124540
353376
30827
29993
50809
3354
10324
158219
55898
54860
57381
84547
55652
3892
3895
63940
55857
164153
84939
81792
9474
4908
2791
203569
119391
57019
10542
284338
220965
11142
27291
9889
8675
10554
283208
