3
7
8
20
25
40
43
78
79
83
93
96
115
120
122
127
187
191
205
213
231
277
353
354
362
383
403
412
414
415
417
439
444
445
448
449
461
472
473
483
501
524
529
539
545
552
558
559
565
568
585
589
592
594
598
603
621
636
640
642
652
653
654
661
674
680
685
686
708
721
734
740
756
762
773
778
780
795
799
800
820
837
847
860
863
866
873
875
888
894
899
944
979
983
999
1016
1025
1027
1029
1033
1075
1086
1107
1129
1165
1171
1172
1173
1178
1180
1190
1192
1201
1207
1230
1237
1252
1260
1261
1263
1265
1280
1313
1332
1337
1341
1343
1353
1400
1403
1412
1439
1451
1458
1464
1465
1467
1490
1508
1519
