2
11
13
15
18
19
31
45
46
48
52
59
69
72
80
98
125
136
144
146
153
164
168
170
173
177
180
194
207
210
216
217
219
220
222
230
235
240
243
245
247
251
257
264
267
269
279
283
284
285
286
293
302
308
309
323
330
331
342
345
350
365
368
386
402
431
441
446
447
463
471
488
489
502
515
523
540
554
556
573
577
595
607
611
615
616
625
644
647
664
677
689
692
695
700
712
714
727
731
732
733
742
745
747
755
769
772
777
788
792
793
809
810
814
815
836
841
878
879
881
883
884
895
898
900
903
914
925
930
933
941
945
949
953
961
964
969
993
1004
1005
1007
1019
1024
1026
1037
1041
1042
1050
1055
1063
1084
1090
1093
1097
1103
1104
1111
1112
1123
1132
1134
1136
1137
1141
1143
1149
1170
1184
1189
1193
1198
1203
1206
1215
1218
1220
1222
1233
1238
1244
1248
1250
1258
1259
1274
1278
1281
1283
1285
1286
1289
1296
1300
1303
1311
1315
1346
1351
1355
1363
1369
1371
1375
1376
1379
1397
1398
1405
1406
1407
1414
1417
1421
1430
1440
1443
1449
1450
1472
1494
1506
1527
