6
12
21
29
56
76
113
118
128
139
165
174
193
196
214
218
227
250
252
260
282
288
291
300
303
311
324
328
332
348
357
364
371
392
404
407
409
416
422
423
429
436
437
458
459
477
505
509
517
518
541
564
609
630
649
667
673
701
702
704
720
735
736
749
750
766
783
806
811
826
844
846
862
892
905
931
943
946
959
962
968
970
974
977
981
988
1010
1018
1035
1051
1069
1071
1085
1098
1106
1115
1124
1131
1148
1200
1211
1217
1223
1255
1266
1267
1269
1292
1328
1329
1333
1348
1361
1380
1388
1396
1413
1415
1416
1428
1436
1452
1461
1474
1495
1502
1507
