0
17
24
26
30
51
55
62
66
68
77
90
91
99
105
106
119
123
124
132
138
169
175
178
199
200
202
209
215
237
244
259
299
305
313
318
321
334
344
361
369
377
380
389
398
399
400
405
418
421
442
452
456
467
479
497
499
506
511
516
525
530
533
534
547
548
549
550
551
578
584
587
588
599
604
605
617
619
620
623
624
628
632
646
648
663
676
688
691
693
694
696
711
713
726
737
741
743
746
752
753
763
768
771
774
782
794
796
803
819
828
839
850
865
867
872
882
886
896
906
911
927
932
938
939
940
942
947
950
951
957
963
973
990
994
1001
1002
1009
1013
1017
1022
1039
1040
1043
1046
1048
1053
1056
1057
1058
1061
1067
1070
1073
1074
1077
1080
1092
1105
1122
1127
1140
1144
1150
1155
1159
1168
1169
1202
1204
1214
1224
1225
1228
1229
1232
1246
1262
1264
1288
1290
1291
1295
1304
1306
1309
1316
1321
1322
1325
1330
1342
1352
1362
1365
1370
1390
1394
1424
1425
1429
1454
1471
1473
1478
1496
1497
1501
1511
1514
1517
1520
1521
1524
