4
41
61
71
75
86
87
88
97
109
117
121
129
133
135
150
156
160
162
166
171
176
181
192
198
211
224
225
238
246
253
262
263
265
268
281
298
304
310
314
316
317
320
325
336
337
339
340
347
356
366
370
372
374
381
385
388
391
394
395
396
397
435
440
451
453
455
462
475
476
478
490
491
492
494
495
498
500
510
512
513
514
538
544
553
557
561
566
569
570
579
582
583
596
600
606
612
614
618
626
629
638
643
657
671
672
679
681
683
684
699
705
717
730
744
748
751
761
770
775
776
779
787
790
807
808
813
816
817
822
824
827
831
833
834
840
843
848
870
891
901
907
908
915
917
926
936
955
956
960
972
975
984
986
992
1000
1003
1034
1044
1054
1064
1065
1076
1079
1101
1108
1109
1161
1166
1174
1175
1176
1179
1181
1188
1196
1197
1226
1227
1231
1241
1243
1247
1249
1253
1254
1270
1273
1276
1279
1282
1301
1307
1310
1312
1314
1324
1336
1338
1340
1350
1354
1360
1366
1373
1374
1383
1384
1392
1399
1402
1418
1422
1426
1427
1437
1456
1463
1468
1479
1483
1484
1491
1493
1504
1512
1522
1528
