0
1
2
3
5
9
12
15
17
21
22
23
25
26
30
31
33
34
35
36
37
42
43
44
46
47
48
49
50
51
52
54
55
58
60
61
62
64
65
66
68
69
70
71
72
74
75
76
77
78
80
81
83
84
87
88
91
92
93
94
98
99
100
101
102
104
106
107
110
112
113
114
115
116
120
121
122
124
125
126
128
130
132
133
136
137
138
140
142
143
144
146
147
149
151
152
153
155
156
158
159
160
163
164
165
166
167
168
169
170
172
175
176
178
179
180
181
182
184
187
188
190
191
196
197
198
199
200
202
203
204
205
207
208
209
210
211
212
213
215
216
218
219
220
221
222
223
224
226
229
231
232
234
235
236
237
238
239
242
243
244
245
246
247
248
249
250
252
253
254
255
256
258
259
260
261
262
