55619
6373
122769
387856
148523
10567
84279
23059
5530
5534
79718
57727
8540
402
5997
84905
729533
9767
9246
4828
1600
8848
29775
23564
54431
91694
4282
7767
55251
6770
5874
140851
25953
163
84105
132321
3589
5515
29907
8522
11034
284194
55796
60490
60493
27232
162681
3251
84532
343035
29916
26073
4354
55093
4350
435
4110
51074
825
11129
79754
7143
9373
85007
3276
834
128178
1725
60
5634
1457
79363
55621
55697
51171
200576
25913
5837
255180
54532
1731
84618
6884
59349
6780
23583
6230
64778
221718
154796
64689
284486
57595
2762
112812
22888
196483
744
29887
10801
284252
112858
221472
11278
22796
56341
57213
978
10018
84923
10495
883
22807
30835
8438
160777
11201
3615
162333
83594
152926
10007
5110
54472
23568
80896
54585
256281
84310
1072
1410
1917
89884
1491
7423
71
5781
6117
57547
57162
1967
9094
10486
10290
7415
11185
284040
1409
1408
4103
842
84948
642
22934
7381
56952
10492
146057
22846
114908
23558
23157
8372
2120
55145
8778
100288797
329
55968
55964
4715
257218
26100
404550
64090
10053
124404
54443
80350
8078
4956
1073
130013
389123
3756
2495
10043
84680
100137047
7083
79078
9805
64770
10236
5524
160418
5635
5631
28970
