55349
10898
115817
26575
7516
3689
4736
84866
3775
26152
219899
56935
63027
390535
56906
57188
4148
2100
6374
6375
168417
54880
9328
54474
6208
84677
54778
146279
3887
169841
7678
1195
285533
29763
79058
23051
23500
11163
8763
388677
146760
55118
5620
7692
8498
25945
23473
55337
23279
154865
130872
374
51296
51292
60343
6783
10268
11285
248
172
113146
3693
9402
57116
10397
57088
353323
2695
653240
84064
83595
83463
280664
54904
83606
1146
140258
326343
283461
51447
765
10214
5713
65980
4759
9963
4637
250
80778
5757
27315
441208
94005
79836
5467
80178
85293
2519
85291
26047
10169
353332
283150
1819
10768
9766
7337
8851
317671
10213
3329
79022
5518
25898
29124
79734
84292
9112
55510
10020
2040
84766
2773
285205
340419
58986
7549
23386
375307
81567
6166
60370
9975
5866
55319
6138
90874
2184
4601
6691
90589
85280
85287
9422
57335
56926
60672
63893
9779
7301
285367
1944
54507
80830
79038
440193
8601
11135
25888
7571
4909
64976
50863
4356
23061
10904
11345
11341
23710
56654
197320
27004
5700
23390
91523
3082
55273
389541
143684
55786
57142
4174
124790
6756
221504
5819
1435
27132
57787
259240
128439
5928
4149
90594
26060
386672
386676
386677
386675
386678
64129
9362
9168
93185
8874
8878
3241
84705
79876
125919
84527
56924
353145
353141
83897
83896
146540
83899
162967
26002
53944
222255
7142
8721
29926
29925
4184
7490
8612
339366
92283
11330
23235
7564
55080
7766
6234
5863
5708
84838
10126
342908
51327
64795
140606
100101267
144501
414157
80149
221
81926
1820
100132979
6258
4978
200132
6257
10539
125058
7360
84733
54520
7027
7029
1437
6696
199834
79744
1038
7697
23640
170392
7481
9452
8266
8260
2896
55773
10188
23475
8409
27023
26511
158399
55074
9817
286075
326624
11252
9929
440023
11277
55850
64781
55503
56259
57696
57693
128977
25915
285679
117144
5013
10326
2770
2771
3164
11092
9721
9728
10781
5125
8896
203054
7158
80864
146894
10253
54221
10894
6880
2950
388389
388387
91151
83988
79173
9630
284390
284391
57396
3104
145946
29078
126375
5730
23581
118427
23589
7589
7580
7741
64773
494514
259232
5915
2543
1454
1455
27306
26258
64173
23005
2166
91156
10793
10249
79098
148254
6898
83755
83795
116835
284418
4314
7574
51009
8646
4223
7592
374403
7753
92815
8330
23371
155054
93145
3846
5699
22795
10874
56984
90957
2592
5031
1876
1877
10629
90390
11314
6599
7351
9586
3281
56969
163059
337960
58191
54663
54487
129303
7728
7106
3050
162993
6615
79159
7355
55677
4302
164127
9622
91289
153684
1468
100131997
114971
5152
8434
1311
1401
570
55739
11202
130560
342945
51364
55554
27254
1470
5979
51213
56998
200261
56993
25780
887
253461
140735
2563
374879
26231
26236
5025
10643
386684
386682
386681
386680
162427
969
2107
80270
5211
9228
124540
2740
129138
79931
353376
11197
3049
3045
3047
474344
5373
30827
4336
29993
283551
10467
492303
91582
50809
1522
7733
23314
3354
6603
10324
4062
4068
5817
25796
158219
90407
93474
55898
7289
401508
957
10072
54461
22943
57381
9075
9674
9672
10101
54910
1794
152007
6846
7120
84547
3386
55652
7633
79047
4215
115201
443
3836
8692
84294
5571
84892
130540
336
4108
3892
63940
55857
126070
51233
389741
3635
1312
164153
27343
1889
949
128821
137196
10069
79868
3055
55738
353139
353132
3561
10252
5311
5317
57532
2832
147660
79673
7711
79583
7718
655
126526
3087
55737
401288
8576
3889
8326
4000
81792
6135
9473
348174
9474
407738
4908
64093
57147
996
22920
362
56923
4879
10611
80135
10618
2791
203569
55257
57019
10437
10436
54716
84457
1831
10542
284338
4034
29785
10667
79065
4241
11142
196477
196472
1511
55179
5876
51699
51701
27291
356
9889
358
78999
255877
153328
10954
8675
5794
55823
134510
7879
94039
59277
152815
57048
10134
54544
7695
124935
54438
5733
399947
10554
2815
8771
29797
1746
147686
283208
25844
1295
5027
340359
136051
1861
3198
353144
