378465
55616
55342
51264
220164
128872
2316
4739
6799
55585
348110
10036
222546
80204
54845
136895
81629
9529
57189
441362
148413
200523
6887
343263
22872
137886
54957
54954
84058
151636
5451
79622
91661
30014
51473
343472
7454
7690
409
408
55629
144347
50674
51274
7525
51072
65264
396
284904
51778
2303
84872
23424
161829
55802
2275
2274
2271
80212
9247
56911
2051
9047
9337
64333
7216
1977
84069
9750
23334
10570
10573
57176
118812
160065
2997
5441
694
11116
29974
79707
51440
126382
7447
170685
127255
10212
8440
65987
55742
387
389
64857
6774
6772
10982
96597
5877
150572
51564
259
158405
55810
9503
79833
166
80174
26040
2516
5292
10766
54997
84656
1978
10589
3221
112597
83637
79026
54754
138311
54758
114990
6990
284680
5604
5601
8520
11030
1398
730441
23493
51582
10994
84817
27129
5864
60491
57642
285381
5058
7832
8131
113451
8861
54502
57523
816
817
84536
9477
203228
5187
10190
25885
342666
9039
526
1019
83714
8045
163590
256302
25977
6500
79616
284185
115290
3613
65056
11340
4670
55015
91522
158297
9949
56474
55872
2534
158427
9360
10342
22836
56895
56891
10742
3091
252969
9703
84528
58498
58493
9019
5257
7148
163154
637
23126
6539
2885
11017
114088
55466
197335
11334
26525
11338
8470
27033
155066
120379
4762
149069
51324
117286
142937
204851
84324
51143
57687
50484
7965
10758
10750
58157
64744
6304
84281
27237
255193
54834
113878
7075
162972
119369
169966
1031
23648
284656
30000
8061
8661
79368
8667
79364
150383
4089
55072
374354
8812
55211
55336
4792
26468
4924
5991
212
55509
10811
2553
116496
140706
4899
1855
9541
9726
112399
3267
84299
24139
840
347517
54797
84340
284086
29894
1032
2957
124995
1207
6632
86614
1447
1448
26508
51013
3927
51307
4144
6093
51616
10802
5912
79882
8664
5001
5000
9852
6271
85021
6273
6275
8751
79959
254359
2168
113251
54495
64062
22976
391257
54810
7008
9021
84304
8939
29883
79090
3067
91419
79760
89
51101
54107
652968
8241
3111
8649
23201
129807
150864
5747
5725
132158
5583
51571
6470
51686
441273
51379
64762
131377
54902
5307
6668
84970
51194
6660
6665
5966
199223
2281
56980
90427
126969
56344
201254
9123
1879
6285
26138
1123
4154
53347
654346
112752
779
391104
1046
57819
5093
79156
4303
1263
115572
660
11052
30834
83719
84988
8436
84984
84985
6913
5592
151011
7726
55734
51693
51316
51367
6671
406
23413
27257
51185
27258
27095
50945
5970
3611
147650
337963
1615
10912
26232
10817
26234
7920
9138
3728
221184
6297
79930
128209
81854
10005
130162
3093
50943
337974
92421
10465
23136
387882
84313
84316
54726
23321
3805
1411
1413
1414
1417
51517
92129
5563
25801
301
93611
55011
92906
117581
6733
3609
26206
57132
7286
3735
4920
4929
81846
4800
56946
10293
10105
10459
1791
83786
246269
598
388324
134265
7639
5413
79666
4212
9846
5777
3092
23149
79594
4107
50717
378108
66037
27287
23433
54946
51729
64648
3630
148223
55970
22864
57715
51652
9444
79444
29107
5753
85376
946
6911
138162
125144
10284
54855
10443
27229
8974
6850
81
87
583
1984
3399
9878
6925
6926
11159
23154
91252
28956
347240
26353
155006
6626
6627
145226
4005
541471
9899
389799
57624
2958
5176
167153
64098
57456
5148
90288
55034
6310
10617
9098
5885
122183
54935
5094
54715
84456
91137
112970
1649
29948
572
8742
3161
50619
22950
91056
6284
80218
55041
4735
170384
3185
55178
51444
114792
6637
4012
4010
27297
200734
9883
64663
3612
5159
989
983
22919
79802
9464
26015
6303
90011
10138
79849
10425
84688
2671
54971
5332
8412
5427
6495
114327
1163
6498
6945
196403
121549
5252
51027
91875
8553
3481
