55611
196074
26151
253558
84126
167465
122060
3441
388818
92345
4253
58524
126282
7171
7458
89853
55624
84904
159163
80742
26039
53346
84063
7325
7321
7323
23762
493829
23288
410
7681
65981
55039
51042
7531
25911
9521
64853
6776
161582
4638
80774
83733
10361
10360
138065
1153
342667
84259
8853
805
5478
11100
23673
23705
146395
51127
5602
146664
6342
51148
9604
1806
8862
80832
10197
9108
55182
8607
55722
4194
151194
92181
91526
39
55658
56477
201181
56658
230
90268
130951
2625
337879
387032
84708
7448
84525
56925
89927
29924
30011
92359
55204
81544
5940
80700
226
337867
10538
2664
7020
9391
10228
440087
23132
170394
11069
11060
9871
51005
27111
5830
26112
5998
78986
57120
286499
64968
9491
5692
116039
27316
1021
79171
283165
114897
11315
9802
6233
51619
25852
10107
10458
399670
6277
64221
10791
84191
9025
10241
93649
7178
83759
5359
91703
29068
84996
3939
6717
3845
7857
26228
30851
10656
6041
152756
868
203523
10477
284069
79158
527
84816
414318
3945
257000
65008
5684
5687
5682
114757
23549
5977
6938
286514
84171
23062
337972
10460
9045
54908
23327
767
79140
284618
284276
6455
6456
3954
92346
10856
10738
27246
66036
25793
51647
2130
128239
84305
257062
542767
10650
6844
23543
1535
644
64210
10273
63943
9531
23001
64081
54458
80017
54850
4869
11059
285180
5315
51533
7407
149950
84939
92070
81790
414301
10948
27350
5143
7536
119391
347918
22859
5092
84959
79647
1351
91869
8368
400720
54543
9319
10422
27327
25842
28978
25930
28971
