84914
28999
55296
5984
5985
55760
347
51282
55906
4733
51608
4830
293
84912
154075
80208
57474
9255
9253
9522
10411
2735
9631
8940
138046
54955
90993
54776
98
9747
9743
112950
4833
116225
284312
55536
79005
169026
6150
8767
130502
8542
3838
28986
126868
55022
65265
10971
81502
64110
159162
26148
5859
9248
9240
57403
9533
26580
2059
7984
9404
10623
9753
7328
10083
84968
7031
3351
64170
54906
5892
29777
137209
10868
8227
79637
55109
51222
5715
23468
55324
65986
4281
51043
170261
55030
51596
122961
27158
5879
7050
96626
1070
57673
63915
6687
9502
9500
900
164
64927
9349
9618
57097
9181
10762
4953
3225
1974
22806
388272
54751
727751
51082
54552
55663
25894
144165
8452
23254
4292
55266
257397
6769
80764
139212
81704
10174
9513
9775
83444
83448
10093
25804
7040
10193
129049
252884
4188
6839
8934
79720
79723
29911
11007
55120
8468
4118
63920
130557
55274
81576
220136
4175
6895
653404
90864
159195
84946
5929
26061
80153
8985
3795
3796
80022
10743
10524
10521
83942
84707
55795
1487
5499
143884
10857
27243
8798
8727
9093
15
14
221421
7568
7189
9958
55668
56647
80705
10783
5932
3190
51147
154313
117177
64978
5062
5068
51477
84289
58487
415117
137492
79745
9455
1030
9456
786
11063
1106
4088
220108
7775
7773
55236
23270
64782
64783
55859
6832
25776
25777
56063
150483
55086
90933
64147
200014
9140
80279
1857
90355
9722
9729
843
53335
159686
10256
54793
116540
130271
79088
29890
285622
83746
79778
284403
79797
55198
55191
26505
51016
7746
89870
92170
6950
123169
729428
51760
5914
7265
901
85027
1459
10794
254173
10248
29082
22885
79096
7174
169166
7572
11043
11040
3115
222389
167826
84993
9812
7597
3932
11270
287015
56181
55521
129401
604
85294
51207
2280
3983
2623
2577
10907
57561
80262
51256
133619
84186
163050
122786
285733
22899
146212
55854
79446
9827
4236
23567
318
9911
4437
407
65003
55888
253980
55885
27250
862
10919
121268
3726
26121
1610
84080
79843
875
4591
4841
79618
5204
9044
114822
285093
54901
54058
7114
5376
80317
84221
22890
5565
89797
5562
2257
4111
8350
389119
55012
51352
7428
10890
10328
63978
63971
7392
2353
55152
7936
57541
57542
121536
9218
644903
167555
9694
9070
147744
8905
10606
8907
84307
134359
7126
8623
4171
1069
1068
152816
5300
84545
79685
1406
23099
9841
8697
640
114824
23143
79596
331
7411
283229
55156
54942
92822
1962
7376
90655
51655
10933
54828
64396
4665
80345
10062
81892
125965
79869
2010
10447
10112
147807
26009
10597
162989
80325
54704
705
706
84445
88
27434
493911
7135
283385
79698
83640
170082
6929
6924
51535
79581
26748
26749
84342
23335
80256
51409
8445
284802
4004
92856
65258
64651
23210
55565
9470
152573
138716
348487
85302
4675
2483
6133
57144
9278
22929
56929
53826
84140
54840
140947
10616
5423
10127
9782
2669
84460
112401
54623
56956
29946
220965
137392
220963
5439
375056
58500
23181
23633
55170
51388
51389
114793
5878
27295
399665
84859
7257
80233
10733
22916
84775
2079
80125
10133
9640
5089
9610
84661
55164
54165
2810
134637
57050
727
51545
147687
79656
10278
7582
6944
25847
9139
8396
23623
