79979
5987
127703
6158
55900
64708
51603
271
23368
63932
51118
25763
9525
57473
56904
255101
9412
7620
10417
201725
54556
54550
133746
340706
84056
126003
6801
8837
29965
729991
79003
1756
10362
29761
284001
1175
4250
8723
29108
689
685
7185
7186
3433
8382
8548
7456
25949
23125
23295
65080
3831
55333
2332
379
84173
373
55246
398
147700
11284
64112
4625
51334
51105
51100
57409
57402
5605
199221
200558
10403
54956
54967
54962
4656
84062
90678
54981
54980
84645
6812
24144
58190
83461
5709
2874
57616
80817
26098
7064
79719
5090
79635
11339
93426
5501
11117
79706
112744
9984
55165
129880
23281
1386
23265
93233
6871
149473
431707
3753
1678
10054
79839
4839
85457
57096
10363
9189
54970
7205
51562
84654
8859
808
123722
10142
84936
79027
5778
5510
539
319101
143241
55845
132789
83878
1392
27018
220134
51053
23387
55269
55793
6168
5867
266740
9851
57647
11316
25764
150082
10773
63894
80013
63892
90121
89796
83937
83445
9020
6404
146849
10206
10204
553115
79036
115106
8738
89953
8737
55127
644186
439
4113
729603
3801
117178
5702
55272
81570
286053
6757
56478
4619
80714
7391
25855
57655
3880
9372
51203
140576
83758
254251
199745
57325
5078
1838
133015
90133
146439
112869
1489
5493
440184
112714
160140
29923
8500
8503
4747
2882
338785
11105
8187
2959
55200
93487
493753
11243
51322
55840
79993
64798
7203
2098
140460
26276
57805
94122
94121
11072
339965
2146
5746
835
8887
5481
10928
51649
9874
9832
64419
631
23641
3860
170626
91949
8403
9818
51008
9814
9810
51002
51552
7770
374355
91544
326625
4798
8318
4793
115948
4155
92703
211
55696
166793
100132565
55698
11091
5901
56254
57697
3643
26088
53371
9146
2170
9547
11269
22981
7159
7707
54535
29094
10254
1039
285753
755
6883
91392
1026
375341
7165
79177
605
79794
144404
23107
9260
339345
11075
8676
29079
55199
23214
129831
8419
23647
6231
7586
130340
3925
374659
4783
51309
8099
3856
11147
55222
5910
190
154043
4552
117157
27300
57573
167691
240
3298
7341
1453
147372
3866
29086
9022
79092
7170
1054
171484
11047
91893
79663
23759
27042
496
339047
374666
51375
51377
5690
5691
145282
64769
51193
3238
10902
92597
57215
201255
10302
6633
53916
79050
130026
6286
139628
55284
149371
2026
340542
10152
113802
80314
84365
256646
7979
54069
1041
4938
29982
64786
1466
8655
79441
89891
158067
311
266697
51361
10015
10717
7431
64753
153657
6672
255167
56997
25788
285782
10318
64400
10640
6293
440321
56159
26127
2104
5111
3434
3437
894
203245
164592
142679
388407
80306
8915
84311
84312
123688
11196
91404
7116
7115
84897
57820
5375
84557
1674
132954
84229
283152
1418
114569
1329
51510
284297
8687
55083
23177
389114
51421
127540
6602
27247
51225
140691
3608
7551
130940
57761
896
10922
10920
153643
2355
57018
9454
124460
958
4926
219348
23594
84167
84163
256309
9670
10106
26284
3550
121457
7128
6591
595
206338
79682
729862
339416
444
55308
9844
5577
119392
4100
4105
8347
51438
124149
25901
29057
51015
1020
6619
84940
93082
1027
6103
27341
27342
56006
57658
6788
9111
9443
80254
80258
57159
10063
2653
9208
22931
22932
114823
84333
7251
22844
23582
80323
27430
147339
64395
645455
29844
83648
92105
541468
23332
8379
3884
3881
28952
7408
55148
752
23421
55701
6137
10946
9205
57634
199692
9275
5144
91408
10615
2790
2067
256369
9659
200081
9589
4494
10540
3799
91133
79172
573
2800
6175
58473
29781
79642
468
5551
58504
374454
5886
23636
80011
585
25924
220082
50650
60561
56852
11074
10445
4222
55917
78998
4645
2193
81631
80321
9265
7871
2786
9462
2071
51073
196883
7276
54925
80347
10556
3215
79101
8826
2909
8773
116832
118
51138
167838
5528
6657
23198
51466
129531
25934
