0
2
3
4
5
6
7
9
11
12
14
17
18
21
25
27
28
29
30
32
33
34
35
37
38
39
40
42
43
44
46
47
48
49
51
52
54
62
63
64
66
68
70
72
74
75
76
77
78
81
82
84
89
91
92
95
98
99
102
103
108
109
113
114
115
116
117
119
120
126
128
131
133
134
139
140
142
143
144
145
146
149
150
153
154
155
156
158
159
164
165
166
173
174
175
177
178
179
180
181
182
185
188
190
193
194
195
196
197
198
199
200
201
202
203
205
206
207
208
209
210
211
212
214
215
218
219
221
222
223
224
225
226
227
228
229
232
233
234
236
237
238
239
240
241
242
243
245
