1
22
23
28
42
53
67
85
94
95
102
107
131
137
140
143
145
148
155
158
167
183
197
206
221
229
232
234
236
249
255
276
280
287
289
296
297
338
351
373
390
393
401
406
426
434
450
454
457
480
482
537
576
602
610
627
633
635
659
670
697
710
716
722
723
728
739
797
801
804
805
821
830
838
849
851
855
858
859
873
876
887
904
920
934
966
971
978
1011
1021
1028
1049
1052
1059
1079
1082
1083
1087
1120
1121
1128
1142
1147
1156
1162
1164
1167
1177
1191
1194
1199
1205
1209
1251
1271
1284
1299
1317
1323
1331
1357
1367
1389
1395
1409
1411
1420
1438
1459
1460
1466
1480
1485
1486
1488
1489
1492
1498
1509
1513
1515
1516
