5
9
10
27
32
33
35
37
39
44
47
50
60
63
64
65
74
82
84
89
92
100
101
104
110
116
141
147
152
154
163
203
239
248
261
270
271
292
295
312
326
341
343
355
358
382
410
411
425
428
430
438
474
484
485
487
496
508
519
522
532
543
563
567
572
574
586
591
601
608
631
634
645
651
658
660
662
666
668
682
687
690
703
706
707
715
729
738
767
784
786
812
818
823
825
835
845
854
871
889
909
913
918
919
921
923
928
929
948
958
967
976
985
987
997
998
1006
1008
1012
1014
1023
1030
1032
1038
1060
1062
1072
1091
1094
1100
1113
1114
1117
1119
1125
1130
1139
1146
1152
1154
1163
1182
1186
1195
1212
1213
1216
1221
1234
1235
1239
1245
1275
1294
1297
1308
1318
1320
1326
1335
1339
1344
1345
1358
1364
1368
1372
1380
1382
1385
1393
1419
1423
1431
1434
1441
1442
1446
1455
1469
1475
1476
1477
1487
1499
1500
1505
