2
13
15
18
19
31
45
46
59
72
98
125
146
153
164
168
170
173
180
207
216
217
219
222
230
243
251
269
279
283
286
302
308
309
323
345
350
365
368
386
431
441
446
463
488
489
540
554
573
577
607
611
616
644
647
677
689
695
714
727
732
733
755
769
772
777
788
792
809
810
814
815
841
881
883
895
898
900
914
925
930
933
941
945
953
969
993
1004
1007
1019
1024
1026
1041
1050
1063
1090
1093
1097
1103
1104
1123
1132
1136
1170
1184
1189
1193
1203
1206
1218
1220
1222
1233
1248
1250
1258
1259
1274
1278
1281
1285
1286
1289
1296
1303
1311
1346
1351
1363
1369
1371
1376
1379
1397
1398
1405
1406
1414
1417
1421
1430
1440
1443
1449
1450
1472
1494
1506
1527
