55768
51060
150771
9413
57506
54557
64328
11167
51271
55757
51297
6782
63905
10391
6385
2878
29979
441518
23283
55326
65988
3904
2202
6354
4832
3535
3537
5054
7335
5479
5276
79024
26071
5511
2993
2994
29906
23495
155465
51631
2212
317762
30848
80169
6184
9516
80012
56005
10513
9770
813
10202
414927
1013
8462
6431
5920
57326
28815
7316
121506
7037
7039
7781
252983
8504
23127
5669
11332
8473
51035
55201
51144
3572
85465
57228
64374
10551
54838
54830
5480
114898
30008
50848
11276
55500
6649
5908
57126
3480
80196
54790
79089
653808
79085
6882
79175
30818
30001
23212
55194
727800
134553
5824
1800
191
255631
117159
8933
10906
1278
1478
1300
23208
27040
375133
51684
55608
10879
2286
2591
974
8945
118881
83692
6860
1469
6447
6442
51561
6449
257144
7432
83593
4681
54471
22955
84795
5203
1671
151647
5567
50808
51738
124220
147746
84309
4778
4077
27131
3099
55374
23435
2335
130617
9202
7380
10664
54926
9447
28793
114904
118471
5542
79589
56144
51083
51661
4477
2169
134288
53822
4878
125170
203562
84219
5552
9861
283212
11145
1514
55353
51706
113791
55915
64860
7314
57045
10607
9798
84888
3177
7033
2912
1485
1296
23190
