55340
84975
81539
255043
283576
283870
387923
2444
57185
4818
147872
84693
84696
2686
6809
84272
1438
754
2208
203068
84867
84873
286827
51763
63908
11016
7851
57085
118924
84067
6811
6810
10087
79016
1543
55069
1382
3821
64102
140850
219854
6351
286451
84102
9341
163183
254122
2848
10219
10385
55132
23498
91445
81569
729515
8987
27230
140767
10376
10562
116173
3788
89882
344892
8834
6505
23484
23480
132228
51025
23392
254827
60314
6758
51330
56475
56655
7809
80154
9560
931
202459
84522
3308
10613
9570
11126
7780
388633
516
8050
51228
3872
638
389434
6588
253769
56649
84283
51141
23204
26207
9370
9173
9718
145957
84516
58488
157753
132204
28
10226
26984
29934
79415
1896
51001
5832
130827
6642
7805
22980
7379
54539
7019
59343
11070
8674
4815
8417
8724
286006
23367
51522
220002
51300
9936
9482
4950
79139
7348
222662
5355
5354
5350
6472
10208
55454
22797
84976
55238
56616
2572
2571
2590
10651
57568
64184
973
6048
6612
10490
134701
7104
2975
219738
665
664
663
56675
6440
127428
51368
10483
65009
79669
150274
139341
961
4595
147007
245934
27065
89885
55092
5780
79152
79922
956
9145
9217
6613
54860
54865
9073
80332
6843
5303
599
4323
3140
3146
79953
1400
440
85013
1534
335
3895
140683
23438
10841
7274
5798
9445
9117
81847
64083
79863
54852
2014
2012
10282
22845
54708
151393
8803
51257
23555
65985
4283
79901
80221
57146
369
366
10430
54441
2668
11094
578
3162
92689
23786
58505
8369
55281
84929
51090
9885
78992
5156
4801
4481
64581
826
10469
54432
80342
54765
10550
346157
51024
5639
6541
1366
