27284
28990
26578
7518
6157
64284
2313
10969
56122
221786
140890
51110
51112
8233
90799
84124
2512
10635
822
283899
79755
51067
1994
51460
1198
1196
83851
7414
5535
7188
339210
79716
23554
91687
8545
22954
65083
3839
23276
51277
378
150165
65263
10807
202559
53615
53340
9295
10712
6818
1602
6817
3306
55147
26097
699
8712
8715
23604
5711
64859
64105
4835
140459
9342
9184
84078
54998
80110
10785
5270
10180
5272
83638
51329
91746
29903
79733
2992
79607
55848
7541
55007
55006
55005
129868
10992
55646
60496
55860
55863
5937
339834
57333
163081
246329
57730
3338
5264
653121
127829
115584
163882
9600
6432
92610
5701
440603
51428
140688
141
4507
83659
283987
64946
9363
60686
10921
85403
10687
7319
138428
8161
1488
2068
112464
8424
79753
7141
23658
2886
8618
283768
23236
55068
282991
51497
5805
55660
56648
29103
7812
65220
5935
140465
57226
84152
6252
84285
7024
3312
3841
6300
7284
79188
11065
4085
22827
151531
6418
55216
5836
283459
7802
139793
3646
6396
26249
10320
79961
441212
1933
51076
1937
1936
5127
8892
8890
10250
132851
759
339745
79792
8636
55197
23580
4784
93621
1801
253635
57594
23326
10336
7307
9555
4081
10797
22978
9238
54819
81617
29088
22889
11180
10900
171483
54108
7045
222894
115416
6477
89866
91369
6201
3183
11275
374393
3840
55233
55234
79891
9129
7917
5834
9587
9584
7356
1911
1912
10475
5213
10472
9051
92840
80210
10010
196549
4234
5598
730394
25816
158809
4939
65005
6386
51187
4059
89857
79932
6050
57698
54870
874
2035
4599
10262
10263
80308
2967
10289
29994
8463
285672
1327
3957
23310
5706
56165
6607
84950
219402
51224
64393
9453
401507
1891
439935
93986
81669
54469
163071
134728
54918
8906
26019
6590
6595
597
3149
29035
23095
5774
7703
373156
51341
26007
5763
200845
63948
81786
55577
128229
7388
9666
8976
1635
339448
23089
51538
11157
1500
6999
5890
8575
11237
85479
4007
50626
65123
3623
4716
201299
124808
51667
441521
149420
10313
997
79077
22924
121504
81888
116092
57035
60626
6820
6822
10541
1645
81030
8813
378708
29947
577
114932
11144
5887
9066
3188
6636
3981
9669
64866
3766
389874
9465
9188
10423
54763
118426
3216
3217
84265
285141
29950
54974
79072
9015
1180
57554
441519
7469
475
