51265
506
160419
273
4688
4814
53358
11266
801
9322
9632
54478
84690
9939
10569
3200
84271
4259
9519
5533
89765
58526
8502
8543
55110
55114
339324
28988
892
117245
63904
219844
56915
80108
7988
10399
10574
10576
9759
10084
7329
7067
54900
148266
79632
5500
81628
29116
29115
51032
55075
23609
11020
5612
25959
28227
65983
55749
10482
84809
2792
27156
116328
57674
81608
902
9501
84106
79810
9616
5296
90060
1810
10769
1979
64745
1102
285172
84934
202051
79025
8637
11108
23075
29127
339231
11033
55138
115265
6427
284992
4998
81565
81566
84811
27128
27125
27124
5862
4600
57649
56204
27238
441150
57332
22828
1809
1808
63898
80019
83446
57684
810
10094
149483
54033
159989
4355
5705
27005
93100
84807
116349
25876
153733
253827
998
84260
56896
80028
54205
10529
9702
85359
1719
1270
83541
23503
147525
29922
79571
79577
23650
6760
4342
8615
388701
3875
7566
155060
55209
84832
10435
64802
221044
207
51142
85397
85395
80142
152503
9787
9377
79977
10534
84458
23616
25813
7023
54785
54784
85865
7791
26985
729967
8065
29959
58513
54927
25828
8666
23479
6737
51317
9925
79986
327
26051
8631
26086
26240
199720
9499
94134
342132
79960
401541
53938
9724
54821
112802
5047
22948
84612
84619
7168
8270
23039
23034
55195
51019
55048
144233
4780
118738
5827
3854
3852
3853
3851
151254
123920
6095
80726
51160
51164
51765
56243
64518
23548
140807
57596
153527
80184
9550
10024
22974
54815
80129
140885
7004
148281
157773
8936
158787
6919
79095
2949
2948
2947
79768
79169
79165
8796
23028
50855
84991
51550
23593
498
5584
5585
3937
3849
55231
221120
79892
90423
7918
51700
2624
5108
10016
10494
10474
83695
55679
80318
3059
6867
219736
11051
9825
51690
28396
5689
5685
10865
340075
55957
116442
90410
116840
51776
8428
7297
57559
7532
114928
79848
4846
2039
11199
3040
148932
22893
6908
196441
50804
3958
4116
4115
6605
125115
245973
57763
51645
10124
9107
10078
166979
9690
10586
54734
4176
388695
1665
5507
3148
3382
79048
257160
283237
23092
7704
26751
648
84894
10421
55150
3964
65117
153743
10935
348303
64398
56000
3707
9209
22938
9063
10286
84330
7139
7138
5316
1656
9113
580
8204
196513
285987
79696
284058
9873
8115
11151
399761
23338
8573
11235
55388
340371
945
23429
6628
6629
84932
55702
9912
219988
51668
148581
57639
1024
5147
57459
113115
60592
254187
9099
10434
170954
23219
1641
2801
85019
79640
126626
463
91647
5129
23185
84282
11267
55633
51382
6631
55285
286887
55286
7507
153769
65243
55916
78990
83538
1616
80230
6015
148103
988
9266
22911
2787
4807
54540
26003
9643
3500
5082
2670
23199
57862
1983
3219
116841
8825
6941
11170
11179
55758
1788
283685
5318
87769
