378465
51264
5987
506
55906
55585
348110
9529
9255
57473
343263
801
54478
116225
8542
23125
379
373
51072
55246
81502
2275
80212
9533
26580
7984
200558
10623
54956
7216
1977
84069
57616
7031
112744
55324
4281
55742
96626
259
10054
9502
79839
1979
808
805
5778
51082
8637
54552
79733
132789
8452
23254
55266
55793
8131
10174
10773
83448
810
10206
8934
8738
729603
65056
8468
57655
26061
57325
5078
3795
252969
9019
143884
8798
160140
8503
5708
55840
204851
10783
5062
835
6304
5481
9455
170626
220108
51002
64783
6832
57697
9547
9729
3267
84340
755
29890
4784
4144
80726
729428
4552
117157
8664
6271
6273
6275
54495
7341
10794
391257
29086
169166
10801
3115
79663
23759
498
5725
3932
5691
64769
2577
10907
126969
6285
80262
285733
79158
5093
4938
30834
1466
84985
89891
253980
3611
25788
54870
114822
84311
84313
54901
123688
80317
84221
1674
51517
1917
2257
51352
7392
2355
7286
7936
57541
4926
128239
644903
84163
7120
83786
6591
79666
9844
8697
5777
1962
54828
64396
57159
9209
138162
10112
147807
26009
80325
8974
84445
27430
147339
64395
79698
83640
83648
79581
26748
26749
23157
80256
51409
26353
6626
6627
65258
9205
90288
22929
55034
254187
5885
170954
5094
91137
112970
56956
573
5439
375056
6284
58500
91647
4735
55178
51388
55633
6637
200734
7507
50650
3612
134510
983
22916
51073
196883
9610
2671
55164
54165
5427
1163
25847
6657
5631
25930
