160419
273
4688
81629
53358
84690
9939
10569
3200
84271
4259
5533
89765
79718
8502
8543
55110
402
55629
55022
892
55802
117245
219844
56915
80108
53615
9759
10084
7067
54900
79632
81628
29115
11020
25959
28227
55749
84809
2792
27156
57674
81608
902
9616
5296
1810
10769
285172
84934
11108
23075
29127
339231
11033
6427
284992
4998
84811
27125
27124
5862
57649
56204
27238
57333
57332
22828
1809
1808
83446
10094
149483
54033
159989
4355
253827
998
56896
79571
79577
23650
388701
3875
7566
155060
84832
10435
207
51142
85397
85395
80142
152503
9787
79977
84458
7023
85865
7791
729967
8065
29959
58513
8666
26051
26086
26240
9499
342132
79960
401541
53938
9724
54821
5047
84612
7168
23034
51019
3927
144233
4783
118738
3854
3853
151254
6095
51164
51765
56243
23548
57596
9550
22974
80129
148281
8936
158787
79095
2949
2948
2947
79169
652968
8796
23028
50855
84991
51550
23593
5584
5585
3937
55231
221120
90423
92597
7918
51700
5108
10016
10494
10474
83695
219736
11051
9825
5685
116442
90410
116840
51776
8428
57559
7532
23568
79848
4846
2039
11196
6908
196441
50804
3958
4116
245973
57763
10124
10078
166979
9690
10586
54734
388695
3148
79048
115201
257160
283237
23092
7704
84894
10421
65117
10935
348303
64398
56000
3707
22938
9063
10286
84330
7139
283385
5316
9113
580
8204
285987
284058
8115
11151
399761
11235
55388
340371
23429
6629
84932
55702
219988
51668
148581
1024
5147
57459
113115
10434
23219
2801
126626
84282
11267
51382
6631
286887
153769
55916
83538
1616
80230
6015
988
22911
2787
4807
54540
9643
2670
23199
57862
1983
3219
116841
8825
6941
1788
87769
