55616
2316
10036
80204
136895
441362
6887
22872
54957
4253
79622
91661
343472
7454
7690
144347
50674
65264
396
284904
161829
2274
5859
9246
56911
2051
9047
64333
9750
23334
57176
160065
5441
11116
29974
79707
126382
127255
10212
8440
51043
7531
387
389
64857
6774
6772
10982
5877
5874
51564
55810
166
80174
2516
54997
84656
1978
10589
3221
79026
54754
138311
114990
1398
51582
84817
27129
5864
285381
5058
113451
8861
203228
25885
526
1019
8045
25977
6500
79616
115290
11340
4670
91522
158297
55274
2534
158427
56895
10742
3091
9703
387032
163154
637
6539
2885
11017
114088
26525
11338
8470
120379
4762
84324
5932
51143
50484
10758
58157
1725
162972
119369
1031
23648
8661
79368
8667
55072
55211
55336
26468
4924
5991
55509
10811
116496
9140
9726
112399
84299
24139
840
347517
284086
29894
83746
79177
1447
51013
6093
51616
79882
5000
85021
254359
2168
240
64062
84304
79090
91419
89
8241
3111
9812
5747
51686
51379
64762
131377
54902
5966
199223
56980
90427
56344
201254
1879
1123
53347
112752
779
1046
57819
4303
660
84988
8436
5592
151011
7726
51693
51367
10717
153657
406
27095
5970
10912
26232
26234
9138
3728
81854
10005
130162
3093
875
10465
23136
387882
54726
57820
301
93611
117581
6733
26206
57132
51645
56946
10293
10459
10606
1791
598
134265
5413
1406
4212
9846
3092
79594
378108
54946
51729
3630
55970
51652
79444
29107
5753
85376
946
79869
10284
10443
22846
6850
87
3399
6925
6926
23154
91252
155006
4005
92856
389799
64098
10617
9098
54935
9782
1649
29948
572
8742
22950
8368
3185
51444
114792
4012
4010
27297
989
79802
9464
26015
90011
79849
10425
5332
6495
114327
6498
6945
25842
196403
121549
