55342
220164
128872
4739
222546
54845
148413
200523
137886
54954
84058
148523
92345
5451
11167
8540
51274
7525
55757
51778
2303
84872
23424
2271
9247
9337
10391
1600
10570
694
65988
96597
150572
9503
9500
79833
5292
10766
112597
83637
54758
5511
284680
29906
5604
11030
284194
730441
23493
55796
10994
317762
146664
7832
80169
10513
8862
54502
57523
816
817
84536
9477
10202
5187
414927
342666
83714
163590
284185
8462
55015
9949
201181
90268
10342
22836
337879
84528
58498
58493
5257
11129
7148
79754
29924
23126
55466
197335
11334
15
27033
155066
149069
142937
57687
85465
10750
64744
84281
27237
255193
54834
84516
169966
284656
79364
150383
4089
374354
8812
4792
11276
212
2553
140706
4899
80196
9541
54532
54797
79085
1032
6882
6883
2957
30001
86614
1448
23212
26508
9802
64778
1800
10802
5912
64689
255631
117159
8751
79959
113251
22976
9021
8939
29883
79760
23201
129807
150864
5583
375133
51684
3845
5307
55608
6668
84970
51194
6665
2591
26138
4154
654346
391104
79156
1263
83719
6913
257144
51316
6671
51185
50945
147650
337963
3726
6297
79930
50943
4841
84795
337974
337972
92421
84316
23327
3805
151647
1411
1413
1414
284276
1417
92129
5567
5563
50808
55011
92906
3609
2353
4920
4929
81846
4800
10105
147746
84307
246269
388324
7639
23543
27131
5577
1535
50717
66037
27287
57715
9444
6911
125144
54855
9447
583
9878
79589
8372
347240
145226
541471
9899
2958
167153
57456
5148
6310
122183
347918
54715
84456
112401
84219
91056
283212
80218
55041
389123
9883
55915
64860
10607
84688
54971
8412
9805
5252
51027
91875
8553
160418
3481
