5984
293
9632
339324
28988
7328
5892
5500
51222
1386
23468
10482
122961
84106
64927
202051
727751
81565
81566
6769
27128
63898
90121
10193
55120
3801
159195
84946
80153
84260
5493
85359
1719
83541
147525
4342
51147
25813
54785
79745
54927
9925
8631
159686
84619
55195
6231
51160
7265
153527
7004
7174
7170
79768
79165
171484
27042
7597
374666
604
130026
51256
122786
80318
3059
4236
5689
84312
89797
5562
9107
1665
5507
153743
125965
88
1656
84342
23335
23338
8573
4004
23210
9099
5423
2669
84460
1641
5129
55285
27295
78990
148103
134637
55758
5318
