55619
55296
55768
51282
150771
9413
57506
10411
54557
10567
23059
64328
6150
23473
84905
51271
51297
6782
63905
9767
9240
57403
54980
84968
2878
54431
29979
441518
23283
55326
170261
6770
25953
164
6354
85457
4832
84105
3535
3537
5054
7335
3589
5479
5276
79024
388272
26071
2994
11034
155465
2212
30848
6184
162681
9516
80012
9770
83444
813
10093
10190
129049
79723
4110
57326
28815
7316
121506
7143
252983
8504
23127
5669
11332
8473
221421
51035
55201
51144
3572
9373
64374
10551
54830
5480
114898
30008
9818
55621
23270
55500
211
5908
57126
3480
80279
90355
10254
54790
79089
79175
605
30818
55198
727800
134553
5824
284486
85027
8933
10906
1278
1478
1300
84993
56181
10879
2286
8945
10018
118881
10495
203523
83692
6447
51561
114757
83593
4681
10007
54471
22955
5203
142679
54058
7116
5376
1671
1410
4111
51738
5781
57542
124220
84309
4778
1069
114824
3099
7411
55156
55374
23435
2335
130617
27342
9202
22934
10664
27434
11059
7135
28793
114908
118471
5542
414301
4715
152573
2169
4675
57634
56929
54840
4878
125170
203562
5552
9861
11145
130013
5887
114793
5878
51706
113791
7314
9798
3215
3177
64770
2912
1485
7582
23190
