84914
28999
5985
4733
51608
390535
57474
9522
54474
98
146279
7678
79005
58524
55118
55337
154865
51296
10971
9248
83606
137209
765
55109
1819
55663
9112
2040
9975
139212
63893
79038
252884
6839
11007
63920
130557
81576
55786
57142
6756
57787
5928
10743
146540
23503
27243
55080
7568
84838
55668
51327
64978
10539
7360
54520
58487
9874
415117
9456
8061
9929
57693
1857
284403
3104
6780
118427
26505
7746
92170
1454
27306
23005
79098
116835
23371
287015
85294
56984
2623
2624
9586
133619
163050
6615
22807
55854
342945
55888
253461
862
10817
121268
1610
9228
79843
5204
9044
11199
22893
5565
7733
63971
401508
1408
9841
84294
23143
130540
4108
1312
90655
27343
80345
10069
10597
493911
196513
79583
362
56923
1831
10667
79065
196472
55170
51389
358
84859
9640
5089
5733
147687
340359
3198
