28990
196074
7518
64284
10969
253558
90799
84126
122769
122060
3441
51067
284312
7171
339210
91687
7458
89853
409
408
55624
378
729533
159162
84063
10573
7325
23762
55147
8712
8715
23604
23288
410
55039
51042
55251
25911
64853
161582
4638
80774
83733
140459
10361
10360
138065
54998
1153
342667
80110
84259
132321
5478
5270
29903
5601
23705
55006
55005
55646
146395
57642
51127
6342
51148
163081
1806
57730
3338
80832
5264
9108
55182
8607
9039
151194
3613
92181
39
56477
56658
55872
230
5929
283987
130951
2625
80022
138428
84708
7448
56925
112869
7141
92359
282991
55204
5940
80700
29103
7812
226
57226
10538
2664
9391
440087
170394
25828
51005
6737
27111
55236
26112
57120
139793
9491
5692
79961
5127
116039
124995
79171
283165
55191
23580
11315
51307
399670
64221
84191
7008
9025
22888
744
93649
7178
171483
54107
54108
7045
29068
84996
6470
7857
55233
57213
30851
9123
9129
152756
84923
883
284069
55734
257000
28396
65008
5684
5687
65005
51187
23549
5977
286514
221184
84171
23062
79618
10460
256281
54908
767
79140
284618
3954
92346
6607
10856
10738
66036
25793
51647
124460
1891
439935
57162
121536
9070
54918
7415
257062
79685
29035
542767
10650
644
373156
64210
10273
5763
54942
6788
64081
80017
54850
4869
285180
5315
5890
8778
92070
81790
55968
4716
10948
27350
6133
22859
5092
29947
4956
79647
1351
91869
6636
3981
7871
9319
10422
3500
84661
27327
2810
1180
8396
28978
