55349
115817
3689
84866
3775
283576
26152
56935
63027
56906
57188
4148
2100
6374
6375
168417
54880
9328
388818
169841
1195
285533
79058
23051
23500
8763
388677
146760
5620
7692
8498
25945
374
6783
10268
11285
248
172
113146
3693
57088
353323
2695
653240
83595
83463
280664
1146
140258
326343
65980
4759
9963
250
80778
27315
441208
6687
94005
79836
5467
80178
85293
10169
353332
9766
7337
8851
317671
3329
79022
25898
29124
55510
10020
285205
340419
58986
7549
23386
375307
81567
6166
60370
5866
55319
90874
2184
4601
6691
90589
85287
9422
57335
56926
60672
7301
285367
1944
80830
25888
7571
64976
50863
4356
10904
11341
23710
56654
197320
91523
143684
4174
221504
5819
1435
128439
90594
386672
386676
386675
386678
64129
9168
93185
8878
3241
84705
79876
125919
84527
353145
353141
83896
162967
26002
53944
222255
7142
29925
4184
7490
8612
339366
92283
11330
23235
7564
7766
6234
5863
10126
140606
414157
221
81926
1820
4978
125058
84733
7027
7029
199834
79744
1038
7697
23640
7481
8260
2896
55773
10188
23475
8409
27023
26511
286075
440023
11277
64781
55503
57696
128977
25915
285679
117144
5013
2771
3164
11092
9721
10781
5125
8896
203054
80864
146894
54221
10894
2950
388387
91151
79173
9630
284390
284391
57396
145946
29078
126375
5730
23589
7589
7580
7741
64773
494514
1455
80184
2166
10793
10249
148254
6898
83755
83795
284418
7574
51009
91703
8646
7592
374403
7753
92815
8330
155054
93145
22795
10874
90957
2592
5031
1876
1877
90390
11314
7351
56969
163059
337960
58191
54663
55679
129303
7728
7106
3050
162993
79159
7355
55677
164127
9622
91289
153684
1468
100131997
114971
5152
1311
570
55739
11202
130560
51364
55554
1470
5979
51213
56998
200261
56993
887
2563
374879
5025
386682
386681
162427
80270
5211
2740
129138
79931
11197
3049
3045
3047
474344
5373
4336
283551
10467
492303
91582
1522
23314
6603
10324
4062
4068
5817
25796
90407
93474
55898
7289
957
54461
22943
9075
9674
9672
10101
1794
152007
6846
3386
7633
79047
4215
443
3836
8692
5571
84892
336
126070
51233
389741
3635
22864
1889
949
128821
137196
3055
55738
353139
353132
3561
81
10252
5311
5317
57532
2832
147660
79673
7711
7718
655
126526
3087
401288
3889
8326
4000
6135
9473
348174
407738
64093
57147
996
22920
4879
10611
80135
10618
55257
10437
10436
54716
84457
4034
4241
196477
1511
5876
51701
356
78999
255877
153328
10954
5794
55823
7879
94039
59277
152815
10134
54544
7695
124935
54438
399947
8771
29797
1746
147686
25844
1295
5027
136051
1861
353144
